1 0.634375 0.4515625 0.221875 0.15
0 0.01953125 0.4984375 0.0390625 0.128125
0 0.87890625 0.58515625 0.221875 0.1796875
0 0.6390625 0.6046875 0.221875 0.159375
0 0.01953125 0.640625 0.03125 0.1390625
0 0.14296875 0.640625 0.2015625 0.15625
0 0.41484375 0.640625 0.128125 0.303125
0 0.17890625 0.7953125 0.2046875 0.165625
0 0.884375 0.7640625 0.23125 0.1640625
0 0.0296875 0.81015625 0.0359375 0.15
0 0.65859375 0.78515625 0.221875 0.1546875
0 0.6328125 0.071875 0.209375 0.14375
0 0.865625 0.07578125 0.2265625 0.1515625
0 0.203125 0.93125 0.21875 0.1375
0 0.6453125 0.928125 0.2140625 0.1390625
0 0.8921875 0.91796875 0.2125 0.1328125
0 0.040625 0.96015625 0.0390625 0.0796875
0 0.12265625 0.1546875 0.2125 0.1421875
0 0.64765625 0.26171875 0.2328125 0.15625
0 0.89453125 0.26171875 0.196875 0.1765625
0 0.15234375 0.31484375 0.21875 0.1578125
0 0.0109375 0.3375 0.021875 0.1421875
0 0.88203125 0.415625 0.2140625 0.1953125
0 0.1625 0.47265625 0.2171875 0.16875