0 0.571875 0.5625 0.0640625 0.125
1 0.60234375 0.55390625 0.065625 0.121875
1 0.5390625 0.5671875 0.0546875 0.125
1 0.50859375 0.57578125 0.0671875 0.121875
1 0.47890625 0.5828125 0.0671875 0.11875
1 0.44609375 0.58984375 0.065625 0.121875
1 0.63203125 0.54453125 0.0703125 0.121875
1 0.665625 0.5375 0.0625 0.1140625
1 0.69765625 0.53203125 0.0640625 0.121875
1 0.72890625 0.521875 0.05625 0.1125
1 0.759375 0.51484375 0.0578125 0.1125
1 0.4140625 0.59453125 0.0640625 0.115625
1 0.73671875 0.415625 0.0640625 0.1109375
1 0.70625 0.42109375 0.0640625 0.1078125
1 0.67265625 0.42578125 0.0625 0.1109375
1 0.6421875 0.4390625 0.059375 0.103125
1 0.61015625 0.44453125 0.059375 0.1015625
1 0.578125 0.4484375 0.0578125 0.1046875
1 0.5484375 0.45625 0.0625 0.10625
1 0.51796875 0.4671875 0.0609375 0.1
1 0.4859375 0.47578125 0.065625 0.103125
1 0.4546875 0.4796875 0.065625 0.10625
1 0.4234375 0.48984375 0.0625 0.1046875
1 0.39140625 0.4984375 0.065625 0.1078125
0 0.05859375 0.35 0.071875 0.121875
1 0.12109375 0.3375 0.059375 0.1125
1 0.153125 0.32734375 0.0609375 0.1171875
1 0.18515625 0.31953125 0.0640625 0.1234375
1 0.21640625 0.31328125 0.0625 0.1171875
1 0.84375 0.72734375 0.059375 0.1109375
1 0.81015625 0.734375 0.0625 0.109375
1 0.746875 0.74375 0.0640625 0.1140625
1 0.6828125 0.7609375 0.0625 0.1140625
1 0.62109375 0.7734375 0.0609375 0.10625
1 0.559375 0.78671875 0.065625 0.103125
1 0.428125 0.81484375 0.0671875 0.115625
1 0.82890625 0.39296875 0.0609375 0.1125
1 0.26328125 0.52421875 0.0625 0.10625
1 0.3734375 0.275 0.0640625 0.1171875
1 0.53046875 0.23828125 0.065625 0.121875
1 0.6875 0.20546875 0.0625 0.1109375
1 0.7515625 0.1890625 0.0625 0.1140625
1 0.78203125 0.18203125 0.0671875 0.11875
1 0.2890625 0.63046875 0.0671875 0.1140625
1 0.390625 0.93359375 0.0625 0.11875
1 0.29765625 0.9484375 0.0609375 0.103125
1 0.6125 0.88125 0.0640625 0.1171875
1 0.83203125 0.8328125 0.0625 0.1203125
1 0.73828125 0.85625 0.0625 0.121875
1 0.92578125 0.81015625 0.0609375 0.11875
1 0.903125 0.71015625 0.0609375 0.1203125
1 0.85390625 0.49375 0.0640625 0.1265625
1 0.19296875 0.64765625 0.0640625 0.1171875
1 0.16875 0.54921875 0.0625 0.109375
1 0.275 0.8546875 0.0625 0.1125
1 0.35859375 0.503125 0.0625 0.1125
1 0.51796875 0.9015625 0.06875 0.121875
1 0.3296875 0.9421875 0.065625 0.115625
1 0.49921875 0.2484375 0.0671875 0.1203125
1 0.46796875 0.2546875 0.0703125 0.1265625