0 0.63984375 0.603125 0.046875 0.0921875
0 0.6125 0.61328125 0.04375 0.10625
0 0.58359375 0.6125 0.0484375 0.0984375
0 0.52734375 0.61875 0.04375 0.0921875
0 0.46875 0.62265625 0.04375 0.0921875
0 0.5453125 0.528125 0.04375 0.0953125
0 0.40234375 0.54375 0.0484375 0.0890625
0 0.37265625 0.54609375 0.0453125 0.09375
0 0.684375 0.5109375 0.046875 0.0953125
0 0.69296875 0.7875 0.0453125 0.09375
0 0.63671875 0.79140625 0.046875 0.096875
0 0.5515625 0.80234375 0.0484375 0.096875
0 0.43828125 0.81796875 0.05 0.096875
0 0.32421875 0.8328125 0.046875 0.1
0 0.26640625 0.834375 0.0484375 0.09375
0 0.5625 0.88828125 0.046875 0.0953125
0 0.703125 0.87265625 0.0453125 0.09375
0 0.76015625 0.86328125 0.0484375 0.0984375
0 0.87109375 0.84921875 0.046875 0.09375
0 0.0203125 0.30546875 0.040625 0.0953125
0 0.05 0.11171875 0.0484375 0.096875
0 0.165625 0.1046875 0.05 0.09375
0 0.1953125 0.096875 0.0515625 0.096875
0 0.28125 0.0875 0.0484375 0.1
0 0.425 0.07265625 0.046875 0.0984375
0 0.509375 0.06328125 0.046875 0.103125
0 0.74609375 0.31953125 0.04375 0.0921875
1 0.6015625 0.5203125 0.046875 0.0890625
0 0.7421875 0.50703125 0.04375 0.09375
0 0.10859375 0.10859375 0.0484375 0.096875
1 0.50859375 0.2515625 0.0484375 0.0921875
1 0.48125 0.2578125 0.046875 0.0953125
1 0.45234375 0.26171875 0.046875 0.09375
1 0.39296875 0.26640625 0.046875 0.0921875
1 0.66171875 0.32578125 0.0453125 0.0953125
1 0.63359375 0.33125 0.0421875 0.09375
1 0.5765625 0.3328125 0.0453125 0.0953125
1 0.5484375 0.33828125 0.0453125 0.0921875
1 0.51953125 0.340625 0.0484375 0.0921875
1 0.43359375 0.35078125 0.0453125 0.0953125
1 0.375 0.35625 0.04375 0.09375
1 0.30703125 0.27578125 0.0453125 0.09375
1 0.34609375 0.35859375 0.0421875 0.0953125
1 0.31953125 0.36015625 0.0453125 0.09375
1 0.290625 0.3640625 0.0453125 0.0953125
1 0.27890625 0.27890625 0.0453125 0.084375
1 0.24921875 0.28125 0.0453125 0.0921875
1 0.2609375 0.36796875 0.0453125 0.09375
1 0.21875 0.284375 0.04375 0.0921875
1 0.23125 0.371875 0.0421875 0.0953125
1 0.1921875 0.28671875 0.046875 0.09375
1 0.20234375 0.371875 0.046875 0.0984375
1 0.1625 0.2890625 0.046875 0.0953125
1 0.175 0.375 0.0484375 0.09375
1 0.07578125 0.2984375 0.0453125 0.09375
1 0.08828125 0.3859375 0.0484375 0.0953125
1 0.04609375 0.3015625 0.0453125 0.0953125
1 0.05859375 0.3875 0.0421875 0.096875
1 0.0296875 0.390625 0.0421875 0.09375
1 0.01171875 0.39453125 0.0234375 0.0953125
1 0.31640625 0.5515625 0.0453125 0.090625
1 0.2859375 0.55546875 0.046875 0.0890625
1 0.32578125 0.63828125 0.04375 0.0921875
1 0.29921875 0.6421875 0.046875 0.096875
1 0.26875 0.64296875 0.046875 0.0984375
1 0.25859375 0.559375 0.0453125 0.090625
1 0.22890625 0.56171875 0.04375 0.090625
1 0.23984375 0.64609375 0.046875 0.0921875
1 0.48828125 0.53359375 0.0453125 0.0875
1 0.45703125 0.53515625 0.0421875 0.09375
1 0.4125 0.6296875 0.0453125 0.0921875
1 0.38359375 0.63203125 0.0484375 0.0953125
1 0.084375 0.57734375 0.0453125 0.0875
1 0.05625 0.58125 0.04375 0.090625
1 0.02734375 0.58515625 0.0453125 0.09375
1 0.1546875 0.6578125 0.0453125 0.09375
1 0.125 0.66015625 0.0421875 0.09375
1 0.09609375 0.66171875 0.0453125 0.0953125
1 0.06796875 0.665625 0.046875 0.09375
1 0.0375 0.66796875 0.0453125 0.0953125
1 0.30546875 0.9171875 0.04375 0.090625
1 0.27734375 0.91953125 0.04375 0.0921875
1 0.24921875 0.9234375 0.0453125 0.0921875
1 0.19140625 0.9296875 0.0421875 0.0984375
1 0.16328125 0.93359375 0.04375 0.0953125