0 0.9078125 0.3703125 0.0921875 0.221875
1 0.5328125 0.37734375 0.059375 0.196875
1 0.1765625 0.37890625 0.06875 0.1875
1 0.259375 0.38203125 0.053125 0.1859375
1 0.01171875 0.3828125 0.0234375 0.175
1 0.796875 0.38828125 0.0765625 0.196875
0 0.6359375 0.390625 0.0828125 0.253125
1 0.71484375 0.3953125 0.0484375 0.21875
1 0.4421875 0.396875 0.0578125 0.2015625
1 0.9796875 0.39765625 0.0390625 0.1828125
1 0.08203125 0.4078125 0.0609375 0.1734375
0 0.36171875 0.41328125 0.071875 0.196875
0 0.09765625 0.8890625 0.0609375 0.221875
0 0.0171875 0.8890625 0.034375 0.2171875
0 0.53984375 0.89375 0.0859375 0.2125
1 0.9796875 0.90625 0.040625 0.1875
0 0.9078125 0.90859375 0.0796875 0.1828125
0 0.2015625 0.90625 0.0671875 0.1875
0 0.8171875 0.89609375 0.071875 0.2078125
1 0.35546875 0.915625 0.0609375 0.16875
1 0.72109375 0.9171875 0.0671875 0.165625
1 0.61171875 0.9203125 0.065625 0.159375
1 0.45078125 0.9265625 0.05625 0.146875
1 0.2765625 0.93046875 0.0484375 0.1390625
0 0.7984375 0.1265625 0.071875 0.2515625
1 0.696875 0.12265625 0.0578125 0.209375
0 0.45703125 0.12265625 0.071875 0.2453125
0 0.27421875 0.1265625 0.0703125 0.23125
1 0.615625 0.12890625 0.0765625 0.228125
0 0.3578125 0.13359375 0.0828125 0.253125
0 0.53515625 0.1359375 0.075 0.2640625
1 0.17421875 0.13671875 0.0609375 0.2171875
0 0.9015625 0.13671875 0.0765625 0.2171875
0 0.08671875 0.1390625 0.0578125 0.221875
0 0.01328125 0.1421875 0.0265625 0.1875
0 0.975 0.14453125 0.0484375 0.1765625