0 0.09375 0.37265625 0.10625 0.215625
1 0.44609375 0.36640625 0.0765625 0.1921875
1 0.78046875 0.35703125 0.0828125 0.1828125
1 0.7015625 0.36171875 0.06875 0.1796875
1 0.95390625 0.35546875 0.0734375 0.171875
1 0.1984375 0.38359375 0.09375 0.1921875
0 0.35 0.3828125 0.1015625 0.24375
1 0.27578125 0.3890625 0.065625 0.2109375
1 0.53125 0.38046875 0.071875 0.19375
1 0.02734375 0.40078125 0.0546875 0.178125
1 0.8703125 0.38046875 0.0734375 0.1671875
0 0.60859375 0.39453125 0.0890625 0.1921875
0 0.87265625 0.83984375 0.0796875 0.23125
0 0.95703125 0.83828125 0.0703125 0.2234375
0 0.45625 0.86484375 0.10625 0.23125
1 0.04140625 0.88671875 0.0671875 0.19375
0 0.1125 0.88828125 0.0953125 0.2
0 0.77578125 0.865625 0.084375 0.2078125
0 0.19609375 0.8765625 0.0953125 0.228125
1 0.6296875 0.8796875 0.0765625 0.1890625
1 0.2890625 0.8921875 0.0828125 0.1859375
1 0.38984375 0.89765625 0.08125 0.1921875
1 0.54140625 0.89453125 0.06875 0.1703125
1 0.70625 0.89609375 0.065625 0.171875
0 0.1890625 0.134375 0.09375 0.2546875
1 0.2828125 0.1328125 0.0734375 0.2015625
0 0.50859375 0.125 0.0921875 0.2390625
0 0.68046875 0.12265625 0.0875 0.2234375
1 0.36015625 0.13515625 0.096875 0.221875
0 0.603125 0.13203125 0.1 0.24375
0 0.4359375 0.13984375 0.0953125 0.2546875
1 0.77421875 0.128125 0.0765625 0.209375
0 0.09140625 0.15234375 0.09375 0.2125
0 0.85703125 0.12890625 0.075 0.2140625
0 0.94453125 0.12890625 0.078125 0.18125
0 0.03125 0.16171875 0.04375 0.16875