0 1 0.132582165625 0.9303931203125 0.1082786015625 0.8511413515624999 0.472512125 0.9521414828125 0.4830668953125 1 0.2524059984375 1 0.132582165625
0 0.867559840625 0.46879346875000005 0.9433107296875001 0.12080815625 0.847578221875 0.10446994843749999 0.766559771875 0.4582387671875 0.867559840625 0.46879346875000005
0 0.5051042156250001 0.4422377984375 0.5923521984375 0.09439670312500001 0.5015410874999999 0.07419562187499999 0.4258462703125 0.42843019687500006 0.5051042156250001 0.4422377984375
0 0.497871553125 0.0753971171875 0.49134133125 0.0681482375 0.4203436 0.0825570890625 0.3458581796875 0.40253007656250006 0.42644305468750004 0.4216089171875 0.497871553125 0.0753971171875
1 0.779868890625 0.45940316406250004 0.8526998453125 0.1214676125 0.7603268765625 0.1002732578125 0.6833051343750001 0.449236525 0.779868890625 0.45940316406250004
1 0.690693834375 0.45675644374999996 0.76413034375 0.111572065625 0.6679011015625 0.093905359375 0.5920650046875 0.43953570624999994 0.690693834375 0.45675644374999996
1 0.6010790359375 0.44891616562500003 0.673892234375 0.10797069374999999 0.583759196875 0.0848255875 0.49860276875 0.434795565625 0.6010790359375 0.44891616562500003
0 0.3403616078125 0.4346981796875 0.413730975 0.07876937187500001 0.3279335796875 0.055570221875000006 0.2506134375 0.40794422499999994 0.3403616078125 0.4346981796875
0 0.262148034375 0.408953371875 0.3325637140625 0.060934554687499996 0.2430456921875 0.05501701875 0.16691128125000002 0.40405791718749995 0.262148034375 0.408953371875
1 0.177260159375 0.40840007343750007 0.2526834140625 0.053945934375000004 0.15225316093750002 0.0402001765625 0.068133184375 0.38854252499999997 0.177260159375 0.40840007343750007
0 0.020615640625 0.2425316703125 0.0075533531249999996 0.39183430937499997 0.077147284375 0.3979229890625 0.1441260921875 0.0680623234375 0.063070253125 0.047863040625 0.020615640625 0.2425316703125
1 0.9827015937500001 0.719552153125 0.994128878125 0.5889377109375 0.9147047781250001 0.5755568875 0.8485795421875 0.920781709375 0.9482605921875 0.9157556874999999 0.9827015937500001 0.719552153125
1 0.8610013999999999 0.92186848125 0.9319056671875 0.5706216093750001 0.8316993828125 0.5618846515625 0.757794915625 0.89565541875 0.8610013999999999 0.92186848125
1 0.7706564453125 0.9019358093750001 0.8442592281250001 0.5629535406249999 0.7475653921875 0.542495303125 0.673354625 0.8899861906250001 0.7706564453125 0.9019358093750001
1 0.685038415625 0.8892900499999999 0.7603227828125 0.5384362890625 0.664318665625 0.523183578125 0.5849334515625 0.8685034859374999 0.685038415625 0.8892900499999999
1 0.6002997265625 0.8870315281250001 0.674895240625 0.530962346875 0.5776562625 0.5224750953124999 0.5038930796875001 0.8648500531250001 0.6002997265625 0.8870315281250001
1 0.5194163921875 0.8713633203125 0.5861393515625 0.5231972125000001 0.4964745375 0.5102174609375 0.4197432640625 0.8660797312499999 0.5194163921875 0.8713633203125
1 0.4292048859375 0.8703441968750001 0.49886568750000004 0.511268315625 0.4081868046875 0.5076484390625 0.33456490625 0.858627590625 0.4292048859375 0.8703441968750001
1 0.3437280625 0.8663027546875 0.41952680156250005 0.5236475453125 0.317535484375 0.5014358140625 0.23725509687500002 0.8569875781249999 0.3437280625 0.8663027546875
1 0.255589534375 0.8620283140625 0.3276378296875 0.5005812609375 0.228211228125 0.5004944484375 0.1542989203125 0.8445747015625 0.255589534375 0.8620283140625
0 0.165087540625 0.854110415625 0.23424888593749998 0.5074378281249999 0.14969926718749998 0.4781602140625 0.06779355312499999 0.8318514406249999 0.165087540625 0.854110415625
0 0 0.8308092265625 0.08079644375 0.8467359 0.1502946921875 0.5086796703124999 0.060367170312499996 0.48752833593749995 0 0.766894846875 0 0.8308092265625