0 0.01796875 0.2625 0.0359375 0.19375
0 0.23984375 0.2625 0.0625 0.215625
0 0.7890625 0.2453125 0.0484375 0.2296875
0 0.60625 0.25234375 0.0609375 0.1734375
1 0.0578125 0.2734375 0.05625 0.178125
0 0.35859375 0.2625 0.05625 0.2359375
0 0.29921875 0.26484375 0.0734375 0.228125
1 0.11953125 0.278125 0.0515625 0.1953125
0 0.6625 0.259375 0.059375 0.1890625
1 0.72578125 0.2609375 0.0515625 0.128125
1 0.17734375 0.28359375 0.05625 0.1703125
0 0.90546875 0.259375 0.053125 0.159375
1 0.8421875 0.265625 0.053125 0.171875
1 0.4265625 0.2828125 0.05625 0.1734375
1 0.54609375 0.2796875 0.0609375 0.1703125
1 0.97265625 0.26640625 0.0421875 0.140625
1 0.484375 0.28515625 0.0546875 0.1546875
0 0.48359375 0.70859375 0.0546875 0.209375
0 0.22109375 0.72578125 0.0546875 0.209375
1 0.8109375 0.70625 0.046875 0.15625
1 0.68515625 0.725 0.0453125 0.159375
0 0.61171875 0.72734375 0.0421875 0.1515625
1 0.08984375 0.74765625 0.0546875 0.19375
1 0.5484375 0.7328125 0.05 0.1484375
1 0.8734375 0.72109375 0.0484375 0.1640625
1 0.9890625 0.71640625 0.021875 0.1640625
1 0.15625 0.74921875 0.053125 0.1671875
1 0.74375 0.73125 0.05 0.153125
1 0.41796875 0.74296875 0.0609375 0.1671875
0 0.94765625 0.725 0.0765625 0.2234375
0 0.29296875 0.753125 0.0671875 0.1921875
1 0.35859375 0.753125 0.0578125 0.1546875
0 0.1421875 0.9234375 0.075 0.153125
0 0.0796875 0.9328125 0.05625 0.134375
1 0.22265625 0.92265625 0.0453125 0.1546875
0 0.63046875 0.928125 0.040625 0.1359375
1 0.89609375 0.91953125 0.05625 0.1359375
1 0.35859375 0.93203125 0.0515625 0.1359375
1 0.5609375 0.9296875 0.0546875 0.1390625
0 0.8265625 0.9140625 0.08125 0.153125
1 0.4875 0.93671875 0.059375 0.1265625
1 0.76015625 0.93359375 0.0515625 0.1171875
1 0.4265625 0.93515625 0.04375 0.1296875
0 0.9640625 0.91796875 0.071875 0.1328125
1 0.69140625 0.92890625 0.0625 0.13125
0 0.28515625 0.93828125 0.0703125 0.1234375