1 0.08359375 0.14765625 0.1140625 0.06875
0 0.815625 0.20234375 0.140625 0.1359375
0 0.59296875 0.196875 0.1765625 0.1578125
0 0.69296875 0.00546875 0.0890625 0.0109375
1 0.10546875 0.23125 0.121875 0.0796875
1 0.5859375 0.32734375 0.10625 0.115625
1 0.1078125 0.32578125 0.1390625 0.1046875
1 0.640625 0.39140625 0.128125 0.103125
1 0.5109375 0.009375 0.153125 0.01875
0 0.18515625 0.44296875 0.2078125 0.175
0 0.6453125 0.48203125 0.15625 0.103125
1 0.01328125 0.47578125 0.0265625 0.0234375
0 0.70703125 0.56875 0.1609375 0.096875
0 0.2140625 0.57265625 0.1875 0.121875
1 0.01328125 0.57265625 0.0234375 0.0546875
1 0.03203125 0.6375 0.0546875 0.05625
1 0.73515625 0.69140625 0.1828125 0.1203125
1 0.21796875 0.715625 0.1578125 0.0921875
0 0.753125 0.77890625 0.153125 0.140625
0 0.74375 0.0390625 0.140625 0.078125
0 0.05078125 0.7390625 0.084375 0.1234375
1 0.24453125 0.81171875 0.159375 0.10625
0 0.76484375 0.89296875 0.1546875 0.10625
1 0.2640625 0.890625 0.1671875 0.1140625
1 0.0609375 0.87109375 0.090625 0.13125
0 0.84375 0.94453125 0.1625 0.084375
0 0.346875 0.93984375 0.184375 0.1203125
1 0.52578125 0.0453125 0.1765625 0.090625
1 0.07265625 0.95859375 0.1015625 0.0625
1 0.0828125 0.06171875 0.13125 0.084375
0 0.778125 0.12890625 0.1546875 0.10625
1 0.55625 0.1203125 0.16875 0.1046875