1 0.0359375 0.25703125 0.071875 0.0578125
0 0.69609375 0.178125 0.121875 0.1203125
0 0.49296875 0.21015625 0.15625 0.1375
0 0.54453125 0.01171875 0.0828125 0.0234375
1 0.05625 0.328125 0.1078125 0.0671875
1 0.50859375 0.33046875 0.09375 0.1015625
1 0.0765625 0.4125 0.1234375 0.0890625
1 0.56875 0.37734375 0.1140625 0.0890625
1 0.37890625 0.0328125 0.1421875 0.0609375
0 0.165625 0.5046875 0.1859375 0.1515625
0 0.5890625 0.46015625 0.1390625 0.0890625
1 0.015625 0.56640625 0.025 0.0203125
0 0.6609375 0.5265625 0.1453125 0.0828125
1 0.009375 0.0953125 0.01875 0.08125
0 0.21484375 0.61796875 0.165625 0.103125
1 0.02734375 0.6546875 0.0296875 0.0484375
1 0.053125 0.709375 0.065625 0.0453125
1 0.7078125 0.63359375 0.1640625 0.103125
1 0.24375 0.7453125 0.1421875 0.0765625
0 0.7390625 0.709375 0.134375 0.121875
0 0.60234375 0.03828125 0.128125 0.071875
0 0.0828125 0.8015625 0.103125 0.1109375
1 0.28359375 0.828125 0.1390625 0.0921875
0 0.76953125 0.81015625 0.1375 0.090625
1 0.31640625 0.89453125 0.15 0.096875
1 0.1046875 0.9234375 0.1234375 0.115625
0 0.8546875 0.8640625 0.146875 0.115625
0 0.40390625 0.9359375 0.16875 0.128125
1 0.40390625 0.0828125 0.1578125 0.0828125
1 0.13828125 0.984375 0.1328125 0.03125
1 0.03125 0.17890625 0.0625 0.0703125
0 0.646875 0.11640625 0.1375 0.0921875
1 0.44453125 0.14921875 0.1546875 0.0890625