0 0.4015625 0.50625 0.1328125 0.1359375
1 0.8125 0.0609375 0.128125 0.121875
1 0.68359375 0.05625 0.1359375 0.1125
1 0.81328125 0.1625 0.13125 0.1390625
1 0.68671875 0.16171875 0.1359375 0.128125
1 0.81171875 0.275 0.13125 0.121875
1 0.6859375 0.27578125 0.1328125 0.1328125
1 0.8109375 0.3890625 0.128125 0.125
1 0.68515625 0.38828125 0.1359375 0.1359375
1 0.8109375 0.5 0.128125 0.128125
1 0.68671875 0.5015625 0.134375 0.125
1 0.81015625 0.61484375 0.125 0.125
1 0.68671875 0.61640625 0.134375 0.1390625
1 0.81015625 0.7296875 0.13125 0.13125
1 0.68671875 0.73203125 0.1328125 0.125
1 0.80703125 0.8421875 0.128125 0.1328125
1 0.68671875 0.8453125 0.13125 0.125
1 0.8109375 0.9453125 0.125 0.109375
1 0.68671875 0.9453125 0.1328125 0.109375
1 0.4015625 0.05859375 0.1328125 0.1171875
1 0.2765625 0.05859375 0.134375 0.1171875
1 0.4015625 0.16953125 0.134375 0.115625
1 0.27734375 0.1625 0.134375 0.125
1 0.40234375 0.2734375 0.13125 0.1328125
1 0.2765625 0.27734375 0.13125 0.121875
1 0.40234375 0.38671875 0.13125 0.128125
1 0.275 0.38828125 0.1375 0.13125
1 0.27421875 0.50625 0.134375 0.125
1 0.40234375 0.61640625 0.13125 0.125
1 0.27578125 0.61796875 0.140625 0.1171875
1 0.4046875 0.734375 0.1390625 0.125
1 0.2765625 0.73203125 0.1390625 0.134375
1 0.40546875 0.8421875 0.134375 0.1328125
1 0.27421875 0.8453125 0.1390625 0.13125
1 0.03203125 0.059375 0.0640625 0.11875
1 0.0328125 0.16328125 0.065625 0.1328125
1 0.0328125 0.275 0.065625 0.1375
1 0.034375 0.38828125 0.06875 0.1359375
1 0.0328125 0.50234375 0.065625 0.1390625
1 0.03359375 0.61484375 0.0671875 0.128125
1 0.03125 0.728125 0.0625 0.13125
1 0.03125 0.8390625 0.0625 0.128125