0 0.10390625 0.55703125 0.1125 0.290625
1 0.25625 0.53125 0.1015625 0.2375
1 0.7 0.4265625 0.0875 0.2
1 0.92734375 0.36484375 0.1359375 0.30625
1 0.33359375 0.52421875 0.13125 0.2734375
0 0.4125 0.50546875 0.1453125 0.31875
1 0.0140625 0.62109375 0.028125 0.2984375
1 0.63828125 0.4546875 0.1171875 0.265625
1 0.97421875 0.3578125 0.0515625 0.246875
0 0.56484375 0.47578125 0.128125 0.315625
1 0.05078125 0.61875 0.1015625 0.265625
1 0.86875 0.39921875 0.1015625 0.2640625
1 0.484375 0.50234375 0.10625 0.225
0 0.19375 0.5890625 0.1296875 0.271875
1 0.78203125 0.43671875 0.1109375 0.265625
0 0.121875 0.9125 0.11875 0.175
1 0.94296875 0.7421875 0.1140625 0.25
1 0.7515625 0.8265625 0.10625 0.25625
0 0.99140625 0.74140625 0.0171875 0.3015625
0 0.67109375 0.8515625 0.128125 0.284375
0 0.88984375 0.78203125 0.128125 0.303125
1 0.81953125 0.81484375 0.109375 0.2484375
1 0.21640625 0.92421875 0.1078125 0.1515625
1 0.43828125 0.8953125 0.1078125 0.209375
1 0.5890625 0.878125 0.1109375 0.2421875
0 0.28359375 0.91640625 0.1046875 0.1671875
1 0.52421875 0.89453125 0.1109375 0.2109375
1 0.36484375 0.91015625 0.1078125 0.1796875