1 0.39921875 0.52109375 0.0921875 0.153125
1 0.66015625 0.415625 0.075 0.1234375
1 0.3640625 0.55625 0.0796875 0.1234375
1 0.32109375 0.57734375 0.0796875 0.1296875
1 0.78515625 0.3609375 0.078125 0.125
1 0.61953125 0.44140625 0.0796875 0.140625
1 0.7328125 0.39140625 0.0828125 0.1328125
0 0.19765625 0.64140625 0.10625 0.175
0 0.57890625 0.4625 0.0875 0.15625
1 0.83125 0.346875 0.1140625 0.1703125
1 0.52890625 0.49140625 0.0765625 0.1375
1 0.15390625 0.665625 0.0953125 0.146875
1 0.24375 0.63203125 0.09375 0.1484375
0 0.4640625 0.52890625 0.1109375 0.1703125
0 0.30859375 0.8890625 0.103125 0.18125
0 0.69296875 0.7078125 0.09375 0.16875
1 0.64453125 0.73515625 0.0890625 0.1578125
0 0.7390625 0.69140625 0.10625 0.18125
1 0.90390625 0.61953125 0.06875 0.1109375
1 0.57265625 0.77265625 0.0828125 0.146875
0 0.43671875 0.84140625 0.0859375 0.15625
0 0.26640625 0.90703125 0.1234375 0.1859375
0 0.78515625 0.68046875 0.096875 0.1609375
0 0.36796875 0.8765625 0.103125 0.159375
0 0.48125 0.8296875 0.08125 0.128125
1 0.95 0.61015625 0.078125 0.134375
0 0.53125 0.8109375 0.10625 0.190625
1 0.04609375 0.2671875 0.0921875 0.1375
1 0.1234375 0.23203125 0.0796875 0.1203125
0 0.3328125 0.13828125 0.1015625 0.1671875
1 0.021875 0.29375 0.04375 0.140625
0 0.17421875 0.2203125 0.09375 0.153125
1 0.2703125 0.178125 0.071875 0.109375
1 0.471875 0.08203125 0.0671875 0.096875
0 0.01171875 0.3171875 0.0234375 0.18125
1 0.2234375 0.20546875 0.0796875 0.1203125
0 0.4296875 0.11171875 0.090625 0.153125
1 0.5953125 0.04609375 0.071875 0.0921875
0 0.55546875 0.06328125 0.0984375 0.1265625
1 0.64375 0.03203125 0.065625 0.0640625
1 0.68125 0.02734375 0.071875 0.0546875
1 0.396875 0.1421875 0.0875 0.1359375