0 0.76953125 0.71875 0.121875 0.1171875
1 0.77109375 0.62109375 0.1140625 0.125
1 0.77265625 0.534375 0.1171875 0.125
1 0.76328125 0.81796875 0.1296875 0.10625
1 0.7671875 0.9015625 0.1171875 0.115625
1 0.775 0.29453125 0.1140625 0.11875
1 0.77265625 0.390625 0.1171875 0.1140625
1 0.89375 0.2 0.1109375 0.1171875
1 0.8953125 0.2984375 0.109375 0.1078125
1 0.89453125 0.38984375 0.1140625 0.128125
1 0.8953125 0.48515625 0.109375 0.1203125
1 0.890625 0.57890625 0.109375 0.1234375
1 0.89140625 0.66640625 0.1109375 0.103125
1 0.8859375 0.8140625 0.1125 0.1109375
1 0.8875 0.9015625 0.109375 0.1109375
1 0.77578125 0.15 0.1140625 0.1171875