0 0.50859375 0.96171875 0.0890625 0.0765625
0 0.071875 0.253125 0.14375 0.290625
0 0.3859375 0.2203125 0.1546875 0.3328125
0 0.2296875 0.2765625 0.1296875 0.2703125
0 0.3125 0.2546875 0.1296875 0.253125
0 0.5484375 0.19921875 0.165625 0.3203125
0 0.1671875 0.30546875 0.1375 0.290625
0 0.475 0.22734375 0.1703125 0.334375
0 0.03984375 0.3609375 0.0796875 0.2796875
0 0.64921875 0.209375 0.1609375 0.334375
0 0.725 0.196875 0.1609375 0.3125
0 0.81484375 0.18359375 0.1734375 0.3375
0 0.04296875 0.6109375 0.0859375 0.28125
0 0.1625 0.5890625 0.1390625 0.2859375
1 0.0953125 0.609375 0.1328125 0.2671875
0 0.3796875 0.53984375 0.134375 0.2890625
1 0.234375 0.59140625 0.11875 0.2625
0 0.2953125 0.584375 0.1375 0.28125
0 0.4640625 0.5515625 0.1390625 0.3125
0 0.55078125 0.53828125 0.15 0.303125
0 0.640625 0.5265625 0.15625 0.3296875
0 0.71484375 0.52421875 0.146875 0.2859375
0 0.87109375 0.4828125 0.1515625 0.29375
0 0.803125 0.509375 0.1515625 0.3140625