0 0.30234375 0.96171875 0.1015625 0.0765625
0 0.08359375 0.96484375 0.0421875 0.0703125
0 0.14296875 0.17890625 0.1796875 0.2734375
0 0.02890625 0.19765625 0.0578125 0.2546875
0 0.440625 0.2421875 0.1953125 0.34375
0 0.27890625 0.24140625 0.1625 0.278125
0 0.36171875 0.25078125 0.1609375 0.2640625
0 0.59765625 0.27734375 0.203125 0.3328125
0 0.2109375 0.246875 0.175 0.303125
0 0.52109375 0.27734375 0.2109375 0.3484375
0 0.0671875 0.24453125 0.134375 0.2890625
0 0.68828125 0.31953125 0.2046875 0.35
0 0.7625 0.334375 0.1984375 0.3265625
0 0.8484375 0.35390625 0.2171875 0.3515625
0 0.02890625 0.475 0.0578125 0.2875
0 0.1109375 0.5078125 0.1734375 0.2953125
1 0.0625 0.5015625 0.125 0.275
0 0.32890625 0.53359375 0.16875 0.3
1 0.1765625 0.5328125 0.15 0.271875
0 0.2359375 0.54765625 0.1734375 0.2953125
0 0.4015625 0.57421875 0.18125 0.325
0 0.4859375 0.590625 0.1859375 0.3140625
0 0.5734375 0.60859375 0.1984375 0.340625
0 0.6421875 0.6328125 0.18125 0.3
0 0.8 0.646875 0.1875 0.3078125
0 0.7296875 0.64765625 0.190625 0.328125