1 0.69375 0.21484375 0.0875 0.2578125
1 0.91953125 0.203125 0.0828125 0.2328125
1 0.390625 0.2328125 0.0875 0.2578125
1 0.84375 0.21171875 0.084375 0.24375
0 0.7671875 0.21875 0.0828125 0.271875
1 0.4640625 0.240625 0.084375 0.2140625
1 0.18125 0.25703125 0.11875 0.2796875
0 0.615625 0.23671875 0.0890625 0.259375
1 0.5375 0.24375 0.0875 0.228125
1 0.2921875 0.259375 0.115625 0.2578125
1 0.975 0.22734375 0.034375 0.2078125
1 0.303125 0.0578125 0.0640625 0.0984375
1 0.45703125 0.05078125 0.0765625 0.1015625
1 0.75546875 0.04296875 0.0734375 0.0859375
1 0.67578125 0.0453125 0.0734375 0.090625
1 0.53125 0.053125 0.0828125 0.10625
1 0.83203125 0.0453125 0.0734375 0.090625
1 0.60234375 0.0515625 0.075 0.103125
1 0.225 0.0671875 0.0796875 0.1109375
0 0.3765625 0.0609375 0.071875 0.1140625
1 0.14765625 0.0734375 0.075 0.1140625
0 0.9140625 0.0453125 0.075 0.090625
1 0.64453125 0.7546875 0.0890625 0.221875
1 0.57109375 0.76171875 0.09375 0.2265625
1 0.4078125 0.7765625 0.0859375 0.221875
1 0.72109375 0.7640625 0.0890625 0.2390625
0 0.87734375 0.75625 0.09375 0.2484375
1 0.9484375 0.75234375 0.071875 0.2234375
1 0.7953125 0.7609375 0.0984375 0.2328125
1 0.99296875 0.75 0.0140625 0.2171875
1 0.2078125 0.79296875 0.115625 0.2578125
0 0.48828125 0.7828125 0.0828125 0.271875
1 0.3171875 0.7953125 0.10625 0.2359375
0 0.271875 0.95859375 0.075 0.0828125
1 0.57421875 0.953125 0.084375 0.0890625
1 0.42578125 0.9578125 0.071875 0.084375
1 0.95703125 0.93359375 0.071875 0.0890625
1 0.196875 0.9671875 0.071875 0.065625
1 0.80546875 0.946875 0.084375 0.0796875
1 0.72578125 0.9515625 0.075 0.0796875
1 0.65390625 0.95546875 0.075 0.0796875
1 0.5 0.96171875 0.0765625 0.0765625
1 0.35078125 0.96875 0.0625 0.0625
1 0.87890625 0.9484375 0.071875 0.0671875