0 0.10078125 0.16484375 0.1328125 0.1390625
0 0.9484375 0.0828125 0.103125 0.065625
0 0.78125 0.0609375 0.165625 0.075
0 0.7234375 0.41328125 0.196875 0.103125
0 0.92265625 0.4484375 0.1546875 0.125
0 0.315625 0.02734375 0.175 0.0546875
0 0.28984375 0.39296875 0.1703125 0.15625
0 0.07421875 0.36328125 0.1328125 0.1203125
0 0.12734375 0.02265625 0.134375 0.0453125
0 0.4828125 0.50234375 0.128125 0.3109375
0 0.9109375 0.615625 0.16875 0.128125
0 0.70078125 0.5984375 0.221875 0.1171875
0 0.2671875 0.56484375 0.1734375 0.1734375
0 0.06015625 0.53515625 0.1203125 0.1234375
0 0.6828125 0.75390625 0.1765625 0.1328125
0 0.8765625 0.790625 0.190625 0.165625
0 0.2359375 0.709375 0.2046875 0.10625
0 0.06640625 0.68515625 0.1328125 0.096875
0 0.853125 0.9234375 0.184375 0.1296875
0 0.04296875 0.81484375 0.0859375 0.1203125
0 0.64765625 0.90625 0.1921875 0.128125
0 0.20703125 0.84765625 0.1859375 0.1203125
0 0.63671875 0.99296875 0.159375 0.0140625
0 0.1921875 0.9484375 0.18125 0.0515625
0 0.03828125 0.9265625 0.0765625 0.0359375
0 0.9328125 0.22265625 0.134375 0.1375
0 0.7484375 0.22265625 0.1921875 0.075
0 0.30546875 0.18359375 0.178125 0.165625