0 0.871875 0.13671875 0.1640625 0.1546875
0 0.02578125 0.1125 0.0515625 0.071875
0 0.165625 0.0796875 0.175 0.0875
0 0.25 0.43359375 0.20625 0.1171875
0 0.065625 0.4796875 0.13125 0.13125
0 0.63515625 0.02265625 0.1828125 0.0453125
0 0.68828125 0.3796875 0.18125 0.171875
0 0.9109375 0.33203125 0.1625 0.1375
0 0.83359375 0.0109375 0.1609375 0.021875
0 0.50078125 0.50625 0.15 0.3234375
0 0.0859375 0.64609375 0.159375 0.1375
0 0.28515625 0.6171875 0.23125 0.134375
0 0.7234375 0.553125 0.1890625 0.1890625
0 0.93125 0.51171875 0.1375 0.1359375
0 0.31484375 0.7734375 0.1875 0.1453125
0 0.128125 0.82265625 0.190625 0.178125
0 0.7640625 0.696875 0.2140625 0.1234375
0 0.93046875 0.66015625 0.1390625 0.1109375
0 0.1609375 0.9421875 0.1875 0.115625
0 0.959375 0.790625 0.08125 0.128125
0 0.3625 0.925 0.2046875 0.14375
0 0.80234375 0.83515625 0.1953125 0.134375
0 0.825 0.9390625 0.184375 0.0671875
0 0.96875 0.9046875 0.0625 0.046875
0 0.05 0.25 0.1 0.146875
0 0.21171875 0.23984375 0.1984375 0.0875
0 0.65703125 0.1703125 0.1921875 0.1796875