0 0.07890625 0.096875 0.1578125 0.171875
0 0.2515625 0.08984375 0.2 0.16875
0 0.08203125 0.24765625 0.1640625 0.1703125
0 0.25703125 0.23984375 0.20625 0.1765625
0 0.0859375 0.40859375 0.171875 0.1703125
0 0.2609375 0.3984375 0.203125 0.175
0 0.0875 0.53984375 0.175 0.1328125
0 0.26640625 0.53203125 0.2015625 0.1203125
0 0.090625 0.6515625 0.175 0.10625
0 0.27109375 0.646875 0.209375 0.1359375
0 0.09765625 0.7640625 0.18125 0.1296875
0 0.2734375 0.75625 0.2078125 0.14375
0 0.09765625 0.875 0.175 0.14375
0 0.28046875 0.87109375 0.20625 0.146875
0 0.68828125 0.0640625 0.2046875 0.128125
0 0.88203125 0.059375 0.2078125 0.11875
0 0.69375 0.18984375 0.2078125 0.1921875
0 0.8890625 0.1828125 0.203125 0.1765625
0 0.696875 0.34140625 0.215625 0.1796875
0 0.890625 0.33671875 0.2140625 0.1796875
0 0.7046875 0.50390625 0.2078125 0.1703125
0 0.896875 0.48828125 0.20625 0.1609375
0 0.70703125 0.6265625 0.215625 0.140625
0 0.89453125 0.62109375 0.2109375 0.1421875
0 0.715625 0.74375 0.215625 0.14375
0 0.90078125 0.7359375 0.1984375 0.1375
0 0.71640625 0.85703125 0.215625 0.1484375
0 0.9015625 0.8484375 0.196875 0.146875