0 0.57890625 0.73984375 0.1046875 0.265625
0 0.49921875 0.75234375 0.0984375 0.246875
1 0.43046875 0.778125 0.103125 0.246875
0 0.2 0.81484375 0.1078125 0.26875
1 0.72734375 0.7328125 0.103125 0.2421875
1 0.8 0.71953125 0.103125 0.2390625
1 0.28125 0.80234375 0.1140625 0.253125
1 0.653125 0.74296875 0.103125 0.25
1 0.87265625 0.7109375 0.0953125 0.2359375
1 0.35546875 0.79765625 0.1046875 0.253125
1 0.134375 0.37890625 0.1109375 0.26875
1 0.2890625 0.35625 0.1046875 0.2625
1 0.43203125 0.33046875 0.109375 0.2765625
1 0.209375 0.37109375 0.1078125 0.26875
1 0.734375 0.2890625 0.1078125 0.26875
1 0.65703125 0.3015625 0.103125 0.2671875
0 0.80546875 0.28125 0.096875 0.259375
0 0.51328125 0.34296875 0.1078125 0.3046875
0 0.36328125 0.3765625 0.109375 0.271875
0 0.59375 0.3453125 0.0984375 0.278125