0 0.51796875 0.6671875 0.065625 0.2140625
0 0.453125 0.66328125 0.0609375 0.196875
1 0.3921875 0.6734375 0.0640625 0.2
0 0.2015625 0.6625 0.0671875 0.2140625
1 0.640625 0.6859375 0.065625 0.1953125
1 0.70078125 0.6875 0.0671875 0.190625
1 0.26796875 0.6671875 0.071875 0.2015625
1 0.5796875 0.68359375 0.065625 0.2015625
1 0.7609375 0.69453125 0.059375 0.1875
1 0.3296875 0.67421875 0.0640625 0.2015625
1 0.22265625 0.29921875 0.0703125 0.2140625
1 0.35078125 0.3078125 0.065625 0.209375
1 0.47109375 0.3125 0.065625 0.221875
1 0.28515625 0.30546875 0.0671875 0.2140625
1 0.72109375 0.3296875 0.0671875 0.2171875
1 0.65859375 0.3265625 0.0625 0.2171875
0 0.7796875 0.33671875 0.0578125 0.2078125
0 0.53359375 0.33515625 0.0625 0.2484375
0 0.40859375 0.33671875 0.065625 0.2171875
0 0.6 0.35078125 0.0578125 0.2234375