0 0.57109375 0.69453125 0.08125 0.23125
0 0.5015625 0.703125 0.075 0.215625
1 0.43984375 0.7234375 0.0796875 0.2171875
0 0.23359375 0.74453125 0.084375 0.234375
1 0.703125 0.6953125 0.0796875 0.2109375
1 0.76796875 0.68671875 0.08125 0.20625
1 0.3046875 0.7359375 0.090625 0.2203125
1 0.6375 0.7015625 0.0796875 0.21875
1 0.8328125 0.684375 0.075 0.20625
1 0.37265625 0.734375 0.08125 0.221875
1 0.19453125 0.3546875 0.0875 0.234375
1 0.3328125 0.34296875 0.0828125 0.2296875
1 0.4609375 0.3265625 0.084375 0.2421875
1 0.26328125 0.35234375 0.084375 0.234375
1 0.73046875 0.3046875 0.084375 0.234375
1 0.66328125 0.31015625 0.0796875 0.2328125
0 0.79453125 0.30078125 0.0765625 0.225
0 0.53203125 0.3421875 0.08125 0.26875
0 0.4 0.3640625 0.084375 0.2359375
0 0.6046875 0.346875 0.075 0.2453125