1 0.8921875 0.2890625 0.215625 0.43125
1 0.15 0.31875 0.3 0.4375
1 0.61796875 0.3046875 0.3078125 0.421875
0 0.78515625 0.2984375 0.2890625 0.4015625
0 0.4640625 0.309375 0.2640625 0.3703125
0 0.31171875 0.321875 0.265625 0.3921875
0 0.05703125 0.34921875 0.1140625 0.3390625
1 0.47265625 0.68515625 0.296875 0.4140625
1 0.0765625 0.70703125 0.153125 0.4109375
1 0.6328125 0.6796875 0.3046875 0.4203125
0 0.32578125 0.70078125 0.3046875 0.4359375
0 0.90859375 0.66796875 0.1828125 0.4171875
0 0.80390625 0.69609375 0.309375 0.425
0 0.1546875 0.7203125 0.309375 0.415625