0 0.71796875 0.17265625 0.06875 0.159375
0 0.66484375 0.16875 0.0671875 0.165625
0 0.16953125 0.884375 0.0703125 0.1875
0 0.11640625 0.88984375 0.065625 0.1890625
0 0.065625 0.88828125 0.0625 0.1875
1 0.9359375 0.6734375 0.0703125 0.1609375
1 0.8859375 0.6734375 0.0640625 0.175
1 0.834375 0.68046875 0.065625 0.1734375
1 0.78984375 0.68046875 0.0671875 0.1671875
1 0.7359375 0.6859375 0.071875 0.18125
1 0.6859375 0.684375 0.0703125 0.1703125
1 0.63359375 0.68515625 0.0640625 0.1734375
1 0.58359375 0.68984375 0.0671875 0.1703125
1 0.9421875 0.853125 0.0671875 0.1640625
1 0.89140625 0.846875 0.065625 0.1671875
1 0.83984375 0.85625 0.0625 0.1703125
1 0.7890625 0.8578125 0.065625 0.1671875
1 0.7390625 0.859375 0.0609375 0.165625
1 0.68984375 0.86015625 0.0625 0.159375
1 0.63984375 0.85859375 0.0625 0.1640625
1 0.58828125 0.8609375 0.0609375 0.1484375
1 0.42421875 0.8703125 0.065625 0.15
1 0.37109375 0.8703125 0.065625 0.15
1 0.3203125 0.87265625 0.0609375 0.140625
1 0.27265625 0.87421875 0.065625 0.15625
1 0.22421875 0.87890625 0.0703125 0.165625
1 0.41640625 0.6921875 0.065625 0.1859375
1 0.365625 0.69609375 0.071875 0.171875
1 0.3140625 0.70078125 0.0625 0.1609375
1 0.265625 0.70703125 0.0625 0.16875
1 0.21640625 0.6984375 0.0734375 0.178125
1 0.1609375 0.70078125 0.0625 0.1609375
1 0.1140625 0.70625 0.065625 0.175
1 0.06171875 0.70546875 0.0703125 0.165625