1 0.22109375 0.05703125 0.0796875 0.1140625
1 0.27734375 0.065625 0.0859375 0.13125
1 0.33125 0.06640625 0.09375 0.1328125
1 0.38828125 0.0703125 0.0921875 0.140625
1 0.44765625 0.078125 0.0828125 0.1453125
1 0.50078125 0.07734375 0.0921875 0.1546875
1 0.56171875 0.0828125 0.08125 0.1453125
1 0.61640625 0.0875 0.0828125 0.1421875
1 0.1859375 0.3453125 0.078125 0.14375
1 0.2390625 0.34765625 0.0828125 0.1421875
1 0.2953125 0.359375 0.0828125 0.1453125
1 0.3515625 0.3640625 0.084375 0.15625
1 0.40625 0.371875 0.084375 0.14375
1 0.4640625 0.37734375 0.0859375 0.140625
1 0.521875 0.38125 0.0828125 0.1484375
1 0.58125 0.3890625 0.08125 0.13125
1 0.16015625 0.54375 0.0796875 0.1390625
1 0.21484375 0.5515625 0.08125 0.140625
1 0.2734375 0.559375 0.0765625 0.1359375
1 0.32890625 0.565625 0.08125 0.15
1 0.384375 0.57578125 0.084375 0.1546875
1 0.4390625 0.5796875 0.08125 0.1421875
1 0.49765625 0.59140625 0.084375 0.14375
1 0.559375 0.59609375 0.0796875 0.1453125