0 0.52578125 0.20390625 0.1703125 0.2921875
0 0.67734375 0.21171875 0.1734375 0.3
0 0.83203125 0.209375 0.1875 0.3046875
0 0.0890625 0.23046875 0.178125 0.3046875
0 0.225 0.228125 0.1796875 0.3203125
0 0.37265625 0.2328125 0.1875 0.3
1 0.93671875 0.240625 0.103125 0.2765625
0 0.453125 0.50703125 0.3140625 0.26875
0 0.06796875 0.74921875 0.1234375 0.3609375
0 0.8828125 0.75078125 0.234375 0.3703125
0 0.528125 0.75859375 0.2203125 0.3734375
1 0.9609375 0.7546875 0.078125 0.296875
0 0.1875 0.778125 0.2203125 0.35
0 0.7109375 0.77421875 0.215625 0.3375
1 0.365625 0.78359375 0.2046875 0.31875