0 0.5 0.115625 0.184375 0.23125
0 0.340625 0.1140625 0.184375 0.21875
0 0.1796875 0.11171875 0.2 0.19375
0 0.9234375 0.15546875 0.125 0.3109375
0 0.81796875 0.1546875 0.2046875 0.309375
0 0.65859375 0.14140625 0.2078125 0.2828125
1 0.0609375 0.11796875 0.121875 0.1828125
0 0.54609375 0.4046875 0.3390625 0.2921875
0 0.925 0.71171875 0.15 0.3921875
0 0.0953125 0.6109375 0.190625 0.390625
0 0.4359375 0.6625 0.2484375 0.4
0 0.79453125 0.721875 0.246875 0.375
0 0.24296875 0.659375 0.240625 0.3640625
1 0.60703125 0.70703125 0.225 0.3421875