0 0.27109375 0.2015625 0.221875 0.1875
1 0.83671875 0.21953125 0.209375 0.1734375
1 0.12578125 0.21484375 0.165625 0.1703125
1 0.6609375 0.2265625 0.20625 0.1890625
0 0.82421875 0.30078125 0.21875 0.2015625
0 0.65 0.32265625 0.215625 0.203125
0 0.115625 0.31953125 0.19375 0.1703125
1 0.2859375 0.3328125 0.2125 0.1703125
0 0.15234375 0.03984375 0.1140625 0.0796875
1 0.2875 0.04453125 0.215625 0.0890625
1 0.6484375 0.42734375 0.2125 0.1875
0 0.840625 0.43203125 0.2296875 0.190625
0 0.096875 0.4296875 0.19375 0.153125
1 0.2890625 0.4390625 0.2296875 0.190625
0 0.6546875 0.05234375 0.1921875 0.0984375
0 0.6578125 0.51953125 0.2421875 0.2359375
0 0.2890625 0.5296875 0.2140625 0.1890625
1 0.8359375 0.54921875 0.2140625 0.16875
0 0.11328125 0.5515625 0.20625 0.1703125
1 0.83125 0.6546875 0.2125 0.1671875
0 0.27421875 0.64765625 0.215625 0.19375
0 0.65 0.671875 0.2078125 0.18125
0 0.1078125 0.66796875 0.1921875 0.1625
0 0.83046875 0.74296875 0.2265625 0.2125
0 0.65 0.75 0.23125 0.190625
0 0.275 0.7734375 0.20625 0.1703125
0 0.11875 0.77109375 0.1875 0.175
1 0.8359375 0.1203125 0.2015625 0.140625
0 0.68203125 0.11640625 0.2359375 0.2109375
0 0.2734375 0.1171875 0.1953125 0.178125
0 0.1359375 0.125 0.1390625 0.15