0 0.58671875 0.3375 0.2546875 0.2578125
0 0.1 0.65859375 0.2 0.3828125
0 0.74140625 0.8671875 0.2078125 0.265625
0 0.42578125 0.7921875 0.1875 0.33125
0 0.0421875 0.63671875 0.084375 0.3421875
0 0.63359375 0.84609375 0.2234375 0.3078125
0 0.84453125 0.88203125 0.1921875 0.2359375
0 0.52421875 0.8328125 0.1890625 0.334375
0 0.2 0.725 0.1890625 0.309375
0 0.296875 0.765625 0.18125 0.315625
0 0.53046875 0.0984375 0.1734375 0.196875
0 0.74453125 0.1640625 0.171875 0.2515625
1 0.64453125 0.14140625 0.1875 0.259375
0 0.41484375 0.08359375 0.1390625 0.1671875
0 0.3234375 0.07734375 0.15625 0.1546875
0 0.1921875 0.0640625 0.171875 0.128125
0 0.9421875 0.25625 0.115625 0.284375
0 0.85625 0.221875 0.1796875 0.2984375