0 0.503125 0.30703125 0.2734375 0.2765625
0 0.828125 0.81171875 0.25625 0.3765625
0 0.11328125 0.7578125 0.2265625 0.340625
0 0.45390625 0.80078125 0.209375 0.3484375
0 0.89765625 0.8296875 0.1484375 0.340625
0 0.23046875 0.778125 0.2421875 0.3609375
0 0.0546875 0.7359375 0.109375 0.328125
0 0.33984375 0.8 0.2078125 0.3609375
0 0.69375 0.83671875 0.2078125 0.3234375
0 0.58671875 0.834375 0.2015625 0.33125
0 0.65390625 0.1125 0.1890625 0.2046875
0 0.42421875 0.1046875 0.1921875 0.209375
1 0.528125 0.11796875 0.20625 0.2359375
0 0.77421875 0.140625 0.153125 0.19375
0 0.86640625 0.165625 0.16875 0.2
0 0.95234375 0.19453125 0.0953125 0.1984375
0 0.17265625 0.1046875 0.2140625 0.209375
0 0.296875 0.11953125 0.203125 0.2390625
0 0.11015625 0.115625 0.1109375 0.23125