0 0.54375 0.3109375 0.290625 0.29375
0 0.19609375 0.8234375 0.2671875 0.353125
0 0.91796875 0.7625 0.1640625 0.303125
0 0.590625 0.82578125 0.21875 0.3484375
0 0.11875 0.84296875 0.165625 0.3140625
0 0.82421875 0.78203125 0.2421875 0.328125
0 0.98125 0.74609375 0.0375 0.2765625
0 0.7109375 0.80625 0.203125 0.3265625
0 0.33984375 0.85 0.2203125 0.3
0 0.4515625 0.846875 0.2125 0.30625
0 0.38203125 0.10703125 0.1984375 0.2125
0 0.6234375 0.10234375 0.2 0.2046875
1 0.515625 0.11875 0.21875 0.2375
0 0.25625 0.13671875 0.1625 0.2015625
0 0.16015625 0.1625 0.1796875 0.209375
0 0.05625 0.19765625 0.1125 0.2109375
0 0.86015625 0.10390625 0.1546875 0.2078125
0 0.76015625 0.1203125 0.2171875 0.240625