1 0.530172171875 0.3936162421875 0.509937471875 0.35999365 0.4705968953125 0.41566586875 0.48761840312500004 0.45218555 0.530172171875 0.3936162421875
0 0.525368153125 0.38667897500000004 0.488469465625 0.4418497890625 0.508044225 0.4776804296875 0.5459170546875 0.416354921875 0.525368153125 0.38667897500000004
0 0.5434592984375 0.4176683859375 0.500810065625 0.4742351765625 0.5233635750000001 0.5059314968749999 0.5620875 0.44736220312499997 0.5434592984375 0.4176683859375
0 0.508044225 0.4707899234375 0.470562628125 0.5209664203125 0.48719287187500004 0.5582993640625 0.5271934218750001 0.5011081625 0.508044225 0.4707899234375
0 0.48719287187500004 0.5514088562499999 0.5067449171875 0.5855276921875 0.543789365625 0.5300482703125 0.5254912640625 0.49490669687500005 0.48719287187500004 0.5514088562499999
1 0.5412361453125001 0.5238468296875001 0.5014239921875 0.58122360625 0.5195337296875 0.6161796046875 0.5612364375000001 0.55692125625 0.5412361453125001 0.5238468296875001
1 0.5574065906250001 0.5514088562499999 0.5211114140625 0.6122130171875 0.5391084578124999 0.64098544375 0.5782579125 0.5851723234375 0.5574065906250001 0.5514088562499999
1 0.5727259421875 0.5769037375 0.53494581875 0.635455075 0.554853371875 0.671992725 0.5935772953125 0.6148015234375 0.5727259421875 0.5769037375
1 0.5888963546875 0.6065329109375 0.554101146875 0.6716093875 0.571449315625 0.7043780859375001 0.6131520546875 0.6423635515624999 0.5888963546875 0.6065329109375
1 0.6063434265625001 0.638918296875 0.57112810625 0.6982947125 0.5897474828125 0.7319401125 0.6301735625 0.671992725 0.6063434265625001 0.638918296875
1 0.625067059375 0.6657912578125 0.5860266968750001 0.7249800375000001 0.6054923640625 0.760880271875 0.6467695078125 0.7023109640625 0.625067059375 0.6657912578125
0 0.5761302234375 0.4680337234375 0.5423951125 0.5252705046874999 0.5535767453125 0.5610555500000001 0.594853921875 0.50386435 0.5761302234375 0.4680337234375
0 0.5940080828125 0.496002728125 0.5523001187500001 0.5562322171875 0.5752791609375 0.5934409375 0.612300928125 0.5293592296875 0.5940080828125 0.496002728125
0 0.611567134375 0.5252705046874999 0.5688960953125 0.5851723234375 0.5897474828125 0.6175577109375 0.6288969375 0.5562322171875 0.611567134375 0.5252705046874999
0 0.6285940937500001 0.5597031828125 0.5833644171875 0.6154905640624999 0.6084711140625 0.641674484375 0.64549288125 0.58379424375 0.6285940937500001 0.5597031828125
0 0.6477494234375001 0.5863885093750001 0.6029391109375 0.64374163125 0.625492621875 0.6747489109375 0.6625143890625 0.6168686703125 0.6477494234375001 0.5863885093750001
0 0.6658405671875001 0.6165171015625 0.62081168125 0.668547471875 0.6433651921875 0.701621925 0.6808125234375 0.641674484375 0.6658405671875001 0.6165171015625
0 0.6780786953125 0.6328726234375 0.637407690625 0.6988656843750001 0.6595356375 0.735385365625 0.69783403125 0.6740599234375 0.6780786953125 0.6328726234375
0 0.6988303015625 0.6690269359375 0.655705825 0.728494859375 0.6782592703125 0.7622583515625 0.714429975 0.7023109640625 0.6988303015625 0.6690269359375
1 0.713728890625 0.6957122609375 0.6688974546875001 0.7622583515625 0.6957063421874999 0.7946437656249999 0.7352813609375 0.7326292046875 0.713728890625 0.6957122609375
0 0.64634394375 0.6926642453125 0.6054923640625 0.7553678453125 0.623364934375 0.7918875515625 0.665067640625 0.7326292046875 0.64634394375 0.6926642453125
1 0.6216768921875 0.7843764078125 0.6195351203125 0.7898203796875001 0.6395353796875 0.82013861875 0.6808125234375 0.7588130984375 0.658684575 0.722982484375 0.6216768921875 0.7843764078125
0 0.6774082078125 0.7519225921875 0.6371075734375 0.816226634375 0.6582590125000001 0.8490787265625 0.69911065625 0.7898203796875001 0.6774082078125 0.7519225921875
0 0.3965802515625 0.532957196875 0.3583282015625 0.5889144984375 0.3786365421875 0.6208171171875 0.4165252546875 0.5668280765625 0.3965802515625 0.532957196875
0 0.36226863593749997 0.587442075 0.323431615625 0.638420425 0.341960271875 0.67578779375 0.380152090625 0.61590903125 0.36226863593749997 0.587442075
0 0.3798489859375 0.6110009359374999 0.340486996875 0.67030465625 0.356812653125 0.705727165625 0.3974293578125 0.644375978125 0.3798489859375 0.6110009359374999
0 0.3962169140625 0.638977090625 0.356405353125 0.7021888875 0.374393025 0.7332124906249999 0.413191053125 0.673333746875 0.3962169140625 0.638977090625
1 0.4147726578125 0.5580966875 0.3746961296875 0.6178722671875 0.39470136562499997 0.6497748750000001 0.43168074062499995 0.5918593578125 0.4147726578125 0.5580966875
1 0.43031200625 0.5887546015625 0.39045782500000004 0.6473208374999999 0.4095537453125 0.6777510203125 0.44774558593749997 0.6193447109375 0.43031200625 0.5887546015625
0 0.44736738750000005 0.6163467265625 0.40834130156250004 0.67431535 0.426527884375 0.7042547421875 0.462901071875 0.648793271875 0.44736738750000005 0.6163467265625
0 0.37348368593750003 0.7302676421875 0.3901371078125 0.7592126109375 0.430771425 0.7037639203125 0.41106929374999995 0.667444028125 0.37348368593750003 0.7302676421875
1 0.42774032812499996 0.696401778125 0.3901371078125 0.7610520843749999 0.40803819687500004 0.7926004515625 0.44774558593749997 0.731740065625 0.42774032812499996 0.696401778125
1 0.464043759375 0.645165165625 0.424102996875 0.70327311875 0.4435020234375 0.736157359375 0.48139073593750004 0.67873264375 0.464043759375 0.645165165625
1 0.4453207 0.72486874375 0.4045394296875 0.7861915749999999 0.424102996875 0.822539825 0.462901071875 0.7602070140625 0.4453207 0.72486874375
0 0.4789658484375 0.6723521234375001 0.4386501921875 0.7322336453125 0.459869975 0.76462434375 0.4965462203125 0.7071995906249999 0.4789658484375 0.6723521234375001
0 0.49624313906250006 0.70032826875 0.4557055734375 0.7585994515625 0.47472233125 0.7945636796875 0.5156421421874999 0.7381205859375 0.49624313906250006 0.70032826875
0 0.46017305625000005 0.7582437875 0.4204577859375 0.8174626484375 0.438955378125 0.8510067906250001 0.4789658484375 0.78916481875 0.46017305625000005 0.7582437875
0 0.47805655625 0.7837658843749999 0.437892175 0.846894246875 0.4574450875 0.8799645593750001 0.49624313906250006 0.8191041734375 0.47805655625 0.7837658843749999
1 0.5280696578125 0.762170296875 0.490574353125 0.8174626484375 0.5104892859375 0.8529700359374999 0.54868108125 0.7979993484375 0.5280696578125 0.762170296875
1 0.49321204218750003 0.815668484375 0.45456854843750005 0.8775521625 0.47260057343749995 0.9084314875 0.514429721875 0.8495343468750001 0.49321204218750003 0.815668484375
0 0.5471655328125 0.79063720625 0.508766759375 0.8530258296875 0.5283727390624999 0.8863450593750001 0.56747391875 0.8249938718750001 0.5471655328125 0.79063720625
1 0.5114059046875 0.8426304968749999 0.4712449203125 0.9051442859375 0.50989035625 0.9093806000000001 0.5314111171875 0.88042283125 0.5114059046875 0.8426304968749999
0 0.2834673953125 0.7056946374999999 0.24497686093749999 0.7641178765625 0.2619465984375 0.7994392453125 0.30074463906250004 0.7395605 0.2834673953125 0.7056946374999999
0 0.30044153281249997 0.7351432078125 0.259000175 0.7923231578125 0.274070975 0.8293786359374999 0.31953743125 0.7714631187500001 0.30044153281249997 0.7351432078125
1 0.5835459765625 0.8563731578124999 0.558795878125 0.8143968578124999 0.524136503125 0.8789503875 0.54353550625 0.91085300625 0.5835459765625 0.8563731578124999
1 0.3146876796875 0.761646928125 0.2737815046875 0.8229810734375 0.29377310625 0.8558823375 0.3334804953125 0.7979668203125 0.3146876796875 0.761646928125
0 0.331055609375 0.7935495453125 0.2919739125 0.8530258296875 0.3074130421875 0.8877849734375 0.3495452953125 0.8298694375 0.331055609375 0.7935495453125
1 0.3471204328125 0.821525671875 0.3071342515625 0.8849100625 0.3252965203125 0.9157611015624999 0.3653070140625 0.85735478125 0.3471204328125 0.821525671875
1 0.2624112515625 0.789870525 0.22324732812499998 0.84802943125 0.2432525875 0.8838584828125 0.2811413 0.822998115625 0.2624112515625 0.789870525
1 0.24608659843749997 0.7628915593750001 0.20748563281250001 0.8200532484374999 0.22597532031249998 0.8524466859375 0.263560928125 0.795512771875 0.24608659843749997 0.7628915593750001
1 0.2784133078125 0.8185808609375 0.23964345312500002 0.8787784796875 0.2578018390625 0.91085300625 0.29690299531250003 0.852937525 0.2784133078125 0.8185808609375
0 0.0713720046875 0.4423965359375 0.036143190625 0.48942295781249995 0.0498512203125 0.5233801140625001 0.0892554828125 0.46939106875 0.0713720046875 0.4423965359375
0 0.0698749453125 0.441596609375 0.08652749062500001 0.47478996562500003 0.1250224359375 0.417365259375 0.1086545078125 0.3893891140625 0.0698749453125 0.441596609375
0 0.12380999374999999 0.40951230625 0.0820032171875 0.4673492578125 0.0992581109375 0.5003120640625001 0.13987479375 0.4423965359375 0.12380999374999999 0.40951230625
0 0.13987479375 0.436506828125 0.0960265296875 0.493715065625 0.11320115312500001 0.5302514359375 0.15442406875 0.4698818703125 0.13987479375 0.436506828125
0 0.1529085203125 0.464973775 0.1130819109375 0.5237598218749999 0.129265953125 0.5552827312499999 0.168367109375 0.499330440625 0.1529085203125 0.464973775
0 0.16533601250000002 0.49687639375000003 0.1290002671875 0.5550308953124999 0.14320901875 0.5842404812499999 0.18503814375 0.5273065859375 0.16533601250000002 0.49687639375000003
0 0.2141366703125 0.578841621875 0.1752393015625 0.6353546328124999 0.1911003375 0.6681689171875 0.23020149375 0.6097625796874999 0.2141366703125 0.578841621875
0 0.23050459843749999 0.603382096875 0.1911576578125 0.667238865625 0.20625582343749999 0.69908993125 0.248994309375 0.6367571015625 0.23050459843749999 0.603382096875
0 0.119263346875 0.6598251703125 0.1396125046875 0.6929915140625 0.21898644374999998 0.581786434375 0.1962532171875 0.5493930140625001 0.119263346875 0.6598251703125
1 0.1814008359375 0.522398490625 0.1396125046875 0.5777177531250001 0.157455165625 0.6107442390625 0.2041340640625 0.5577367796875 0.1814008359375 0.522398490625
1 0.08652749062500001 0.46644620000000003 0.0471344375 0.5231466640625 0.0647036015625 0.554301109375 0.1031985234375 0.49687639375000003 0.08652749062500001 0.46644620000000003
1 0.099864321875 0.49491316718749995 0.06115775 0.5519651046875 0.07985908593749999 0.58276805625 0.1198695578125 0.5258341609375 0.099864321875 0.49491316718749995
1 0.1153229125 0.51994444375 0.07821313125 0.5764914359375 0.0941052328125 0.6087809562500001 0.13350949375 0.5508654390625 0.1153229125 0.51994444375
1 0.1313877359375 0.5479205890625 0.0929944625 0.60469671875 0.11623225 0.626450109375 0.1486649796875 0.5783507828125 0.1313877359375 0.5479205890625
1 0.1750355375 0.6352846953125 0.13695944531249998 0.689925721875 0.155030278125 0.7216671609375 0.195343878125 0.663260821875 0.1750355375 0.6352846953125
1 0.19231278125 0.656880284375 0.150982759375 0.7162915296875 0.17139820781249998 0.7501340890625 0.20928692031249999 0.6966358828125 0.19231278125 0.656880284375
0 0.20271510781250002 0.30137250937500004 0.1856213625 0.271990190625 0.14670021093750002 0.32564487343750004 0.16274205 0.35758217812500004 0.20271510781250002 0.30137250937500004
0 0.2000853015625 0.29626254531249996 0.161246465625 0.3506823078125 0.1782578953125 0.3844095109375 0.217967996875 0.3273481859375 0.2000853015625 0.29626254531249996
0 0.2234905875 0.22003884999999998 0.18262049062500002 0.276204875 0.2019261578125 0.3047791609375 0.2379545265625 0.250698653125 0.2234905875 0.22003884999999998
0 0.238217503125 0.2426078703125 0.19741789375000002 0.295888196875 0.212182409375 0.3333098234375 0.2539963453125 0.27411934375 0.238217503125 0.2426078703125
0 0.2505775875 0.271564365625 0.2122152953125 0.329935021875 0.23138000937499997 0.3588596671875 0.2687232609375 0.3000950375 0.2505775875 0.271564365625
0 0.2645155734375 0.2996691875 0.2263550359375 0.3565341046875 0.24452904375 0.386538665625 0.282924221875 0.3294773390625 0.2645155734375 0.2996691875
0 0.2787165359375 0.3269223625 0.24082360625 0.3810052609375 0.25794105625 0.41166266875 0.296336234375 0.35800800312500003 0.2787165359375 0.3269223625
0 0.2965992109375 0.35417551875000003 0.2572651640625 0.4070723625 0.27424585156250003 0.438064178125 0.3136929765625 0.386538665625 0.2965992109375 0.35417551875000003
0 0.31106315 0.38100286875 0.274035553125 0.43260748125 0.291339596875 0.46574317499999995 0.3276309625 0.41166266875 0.31106315 0.38100286875
0 0.3255271078125 0.4086818671875 0.28981945 0.4618664734375 0.3052775828125 0.49299634843750006 0.3449876640625 0.43721251250000004 0.3255271078125 0.4086818671875
0 0.34156890781250004 0.4342317109375 0.3059321765625 0.49112546406249996 0.32289730156249996 0.5223786765625 0.361818453125 0.46744650468750004 0.34156890781250004 0.4342317109375
0 0.308170365625 0.48788639375000004 0.26778776249999997 0.5437916484375 0.287920859375 0.5774562734375001 0.32736796562500003 0.520675346875 0.308170365625 0.48788639375000004
0 0.26943191718750004 0.544326715625 0.3100112421875 0.48930930781250004 0.29081364375 0.45779784218749997 0.25373336874999997 0.5152849921875 0.26943191718750004 0.544326715625
0 0.2480578921875 0.52464339375 0.2926545 0.45950115625 0.275297778125 0.4339513109375 0.23400981562499998 0.49356761406249994 0.2480578921875 0.52464339375
0 0.2345758140625 0.487936659375 0.2771386546875 0.430970509375 0.2597819125 0.407123978125 0.22059780468749998 0.4603528203125 0.2345758140625 0.487936659375
0 0.21977841250000002 0.4645294671875 0.2603078859375 0.410956453125 0.24189923750000003 0.38199996718749996 0.20744876875 0.43352548750000003 0.21977841250000002 0.4645294671875
0 0.2316429859375 0.3504884890625 0.1928142578125 0.409203375 0.207185771875 0.4377837953125 0.24768480468749998 0.38199996718749996 0.2316429859375 0.3504884890625
1 0.2134973125 0.3250148265625 0.17735919218750001 0.380476365625 0.19245885625 0.40720015624999994 0.23348384218749998 0.35567464375 0.2134973125 0.3250148265625
1 0.0355978625 0.6381239890625 0 0.6957544234374999 0.0136198421875 0.7309694234374999 0.0549406234375 0.6675824171875 0.0355978625 0.6381239890625
1 0.0544322515625 0.6621079609375 0.007461803124999999 0.7256488359375 0.029359443750000002 0.7637825359375 0.0715020359375 0.7008953640625 0.0544322515625 0.6621079609375
1 0.06786434218750001 0.695539315625 0.023575159374999998 0.7577614374999999 0.042993796875000004 0.7878670062500001 0.084310075 0.729662953125 0.06786434218750001 0.695539315625
1 0.08181305312500001 0.72061283125 0.0372095125 0.7851909453125 0.0582808390625 0.818641578125 0.1020760875 0.7577614374999999 0.08181305312500001 0.72061283125
1 0.09679499999999999 0.7515368328124999 0.0537360234375 0.8146275125000001 0.07356785 0.8500852015625 0.115297284375 0.7865290015624999 0.09679499999999999 0.7515368328124999
1 0.11384342343750001 0.7774461328125 0.06943622187500001 0.844064078125 0.0905075171875 0.8781837124999999 0.13058432656250002 0.8193105796875001 0.11384342343750001 0.7774461328125
1 0.0306677828125 0.748193696875 0 0.79723319375 0.007048646875 0.8467401390625 0.047125425 0.78452194375 0.0306677828125 0.748193696875
1 0.0446164921875 0.77493878125 0.0045696765625000005 0.842726021875 0.023575159374999998 0.8721625890625001 0.0628256234375 0.812620453125 0.0446164921875 0.77493878125
1 0.060631678125 0.8058627828124999 0.0173777171875 0.8674795203125001 0.037622699999999995 0.9002611500000001 0.0772863203125 0.840719015625 0.060631678125 0.8058627828124999
1 0.07406376875000001 0.8326078656250001 0.034317384374999996 0.8942400265625 0.06530459375 0.912303346875 0.092160175 0.8728315906249999 0.07406376875000001 0.8326078656250001
1 0.8875919906249999 0.7376775640625 0.8505419578125 0.7966691609375001 0.8698260093749999 0.8286632718750001 0.9099027875000001 0.768452134375 0.8875919906249999 0.7376775640625
1 0.905358003125 0.76109300625 0.86552390625 0.8259215953125001 0.8875919906249999 0.8607758999999999 0.9264292984375 0.7972196734375 0.905358003125 0.76109300625
1 0.9251898296875 0.7865155328125 0.8856720421875 0.8585171656249999 0.905358003125 0.8922194734375 0.9479137828124999 0.8326773375000001 0.9251898296875 0.7865155328125
0 0.942129496875 0.7055649625 0.9053035609375 0.764909375 0.923950328125 0.79922673125 0.96361395 0.738346565625 0.942129496875 0.7055649625
0 0.9594823218749999 0.7363395328125 0.9192522703125 0.7966691609375001 0.9437821546875 0.8313393328125 0.9842720890625 0.7724662265625 0.9594823218749999 0.7363395328125
0 0.9780746468749999 0.7664451531250001 0.9368173125 0.8301005140625 0.9594823218749999 0.86278290625 0.9995591312500001 0.8065858859375 0.9780746468749999 0.7664451531250001
1 0.942129496875 0.819297084375 0.9047869421874999 0.8860980312500001 0.9297346140625 0.9122898515625 0.9652666062499999 0.8560927796875 0.942129496875 0.819297084375
1 0.9838589328125 0.8882054078125 0.9579986875 0.8509951109375 0.923950328125 0.9082757859375 0.9673324203125 0.909613790625 0.9838589328125 0.8882054078125
1 0.9979064734374999 0.796550721875 0.9579986875 0.8551740296875 0.9797273046875 0.8895434124999999 1 0.8574308359374999 0.9979064734374999 0.796550721875
0 0.8500253390625 0.6779878546875 0.8694128531249999 0.7142621218749999 0.9078369734375 0.6507059203125001 0.8863525203125 0.6199313234375 0.8500253390625 0.6779878546875
0 0.8541258109375001 0.6774664265625 0.81902820625 0.7398358593750001 0.833880828125 0.7717971984374999 0.8731312921875001 0.7102480296875 0.8541258109375001 0.6774664265625
0 0.8718918234374999 0.7095790281250001 0.8350433921875 0.7715956453125 0.852059996875 0.798557703125 0.8904841484375 0.739684596875 0.8718918234374999 0.7095790281250001
1 0.9214713578125 0.67545939375 0.8856720421875 0.7364927234375 0.9078369734375 0.7677831328125 0.9433689671875 0.71693815625 0.9214713578125 0.67545939375