1 0.14296875 0.1484375 0.0859375 0.1453125
1 0.90390625 0.084375 0.08125 0.1375
1 0.84609375 0.0828125 0.0953125 0.1515625
1 0.784375 0.0890625 0.09375 0.1484375
1 0.728125 0.09609375 0.0875 0.140625
1 0.66796875 0.0984375 0.0859375 0.140625
1 0.60703125 0.10546875 0.096875 0.159375
0 0.14453125 0.30703125 0.1015625 0.165625
0 0.00625 0.31796875 0.0125 0.1546875
1 0.0296875 0.31171875 0.059375 0.1640625
1 0.9125 0.23359375 0.0921875 0.1703125
1 0.85546875 0.2375 0.0953125 0.1703125
1 0.79609375 0.23828125 0.096875 0.18125
1 0.734375 0.24375 0.1 0.1734375
1 0.675 0.2484375 0.103125 0.1671875
0 0.82265625 0.7484375 0.0859375 0.1921875
0 0.75546875 0.75078125 0.1046875 0.19375
0 0.44609375 0.77890625 0.0984375 0.2046875
0 0.3265625 0.7828125 0.0984375 0.1890625
0 0.26015625 0.77890625 0.1015625 0.203125
0 0.2015625 0.7921875 0.0984375 0.184375
0 0.1390625 0.7984375 0.1109375 0.203125
0 0.046875 0.8 0.0546875 0.1890625
1 0.98125 0.74609375 0.0375 0.1734375
1 0.94609375 0.73984375 0.1015625 0.1734375
1 0.88671875 0.74375 0.0953125 0.18125
1 0.69375 0.76484375 0.096875 0.175
1 0.63125 0.7625 0.096875 0.1734375
1 0.57109375 0.77578125 0.0984375 0.1796875
1 0.50703125 0.77578125 0.096875 0.1734375
1 0.9359375 0.57890625 0.090625 0.1671875
1 0.87421875 0.57890625 0.0859375 0.159375
1 0.815625 0.5796875 0.0921875 0.1515625
1 0.74921875 0.5796875 0.0890625 0.1421875
1 0.68671875 0.58984375 0.08125 0.1640625
1 0.63125 0.590625 0.09375 0.1734375
1 0.565625 0.60703125 0.090625 0.1734375
1 0.50703125 0.6109375 0.1015625 0.1546875
1 0.44453125 0.6125 0.1 0.165625
1 0.3828125 0.61796875 0.0921875 0.1625
1 0.32421875 0.6140625 0.0890625 0.1640625
1 0.26796875 0.61953125 0.0890625 0.1625
1 0.20859375 0.62421875 0.09375 0.1515625
1 0.1453125 0.63515625 0.090625 0.146875
1 0.0875 0.6390625 0.0890625 0.15625
1 0.615625 0.253125 0.09375 0.175
1 0.553125 0.10390625 0.0828125 0.153125
1 0.55390625 0.265625 0.0875 0.1578125
1 0.49296875 0.1125 0.0875 0.146875
1 0.26328125 0.28828125 0.0828125 0.153125
1 0.3203125 0.28828125 0.096875 0.15
1 0.37734375 0.2734375 0.090625 0.1625
1 0.4921875 0.27734375 0.0921875 0.1546875
1 0.43515625 0.1203125 0.084375 0.1625