0 0.3546875 0.6484375 0.0546875 0.0515625
0 0.359375 0.68125 0.05625 0.05
0 0.31796875 0.7234375 0.05625 0.046875
0 0.37265625 0.7828125 0.053125 0.0484375
0 0.37734375 0.8203125 0.053125 0.0515625
0 0.3328125 0.825 0.05625 0.0484375
0 0.1765625 0.63359375 0.053125 0.046875
0 0.04296875 0.58203125 0.053125 0.0453125
0 0.19375 0.428125 0.053125 0.05
0 0.3265625 0.4453125 0.053125 0.046875
0 0.33046875 0.47890625 0.0515625 0.0484375
0 0.29375 0.51875 0.053125 0.046875
0 0.34453125 0.57890625 0.0515625 0.0453125
0 0.30546875 0.61875 0.053125 0.046875
0 0.51171875 0.42109375 0.0515625 0.04375
0 0.51953125 0.45390625 0.05625 0.0453125
0 0.52265625 0.48828125 0.05625 0.0484375
0 0.53359375 0.55546875 0.0578125 0.046875
0 0.5359375 0.590625 0.053125 0.04375
0 0.50234375 0.3546875 0.05 0.0421875
0 0.49140625 0.2890625 0.0484375 0.0484375
0 0.484375 0.221875 0.05 0.05
0 0.48046875 0.1875 0.05 0.0484375
0 0.30625 0.27734375 0.053125 0.0515625
0 0.5453125 0.65703125 0.05 0.0484375
0 0.55234375 0.725 0.053125 0.05
0 0.55703125 0.76015625 0.053125 0.0484375
0 0.56328125 0.79296875 0.0546875 0.05
0 0.24765625 0.83359375 0.053125 0.0484375
0 0.2046875 0.8390625 0.0515625 0.0453125
1 0.3109375 0.31015625 0.053125 0.046875
1 0.26640625 0.315625 0.053125 0.046875
1 0.31484375 0.34453125 0.053125 0.053125
1 0.27265625 0.35078125 0.0546875 0.053125
1 0.31875 0.37890625 0.053125 0.05
1 0.27578125 0.38671875 0.053125 0.04375
1 0.3234375 0.41171875 0.053125 0.05
1 0.28046875 0.41796875 0.053125 0.046875
1 0.259375 0.25078125 0.05 0.0421875
1 0.30078125 0.24375 0.05 0.04375
1 0.17109375 0.2265625 0.05 0.0453125
1 0.12265625 0.19765625 0.0484375 0.040625
1 0.140625 0.33203125 0.05 0.0421875
1 0.05 0.27578125 0.05 0.04375
1 0.05390625 0.31171875 0.0515625 0.04375
1 0.0125 0.21640625 0.025 0.0421875
1 0.015625 0.28203125 0.03125 0.0515625
1 0.01953125 0.34609375 0.0390625 0.0421875
1 0.07265625 0.47578125 0.05 0.0453125
1 0.0296875 0.48203125 0.053125 0.0453125
1 0.07734375 0.509375 0.0515625 0.05
1 0.03515625 0.51796875 0.0515625 0.0421875
1 0.17421875 0.26015625 0.0515625 0.0484375
1 0.63984375 0.303125 0.0515625 0.0453125
1 0.65 0.3703125 0.053125 0.046875
1 0.57421875 0.14296875 0.053125 0.0484375
1 0.61328125 0.44296875 0.0546875 0.05
1 0.671875 0.5390625 0.0515625 0.0484375
1 0.6375 0.61328125 0.0515625 0.0421875
1 0.54921875 0.690625 0.0515625 0.0453125