0 0.696875 0.32734375 0.0328125 0.071875
0 0.6734375 0.39453125 0.0296875 0.0796875
0 0.8 0.32578125 0.03125 0.0765625
0 0.82578125 0.32734375 0.0296875 0.0734375
0 0.79921875 0.39296875 0.0328125 0.078125
0 0.74765625 0.39453125 0.028125 0.0734375
0 0.7484375 0.55078125 0.028125 0.0765625
0 0.82578125 0.61875 0.0328125 0.078125
0 0.6984375 0.1015625 0.03125 0.0734375
0 0.7234375 0.1 0.03125 0.06875
0 0.7734375 0.10078125 0.0296875 0.0734375
0 0.6453125 0.17109375 0.03125 0.0796875
0 0.696875 0.1703125 0.03125 0.071875
0 0.7234375 0.17109375 0.028125 0.0765625
0 0.80078125 0.17109375 0.0296875 0.0796875
0 0.82578125 0.1703125 0.0296875 0.0734375
0 0.8765625 0.3921875 0.0296875 0.0765625
0 0.90234375 0.3921875 0.028125 0.071875
0 0.8 0.5515625 0.028125 0.0734375
0 0.90078125 0.55078125 0.0296875 0.078125
0 0.90078125 0.61875 0.028125 0.075
0 0.82578125 0.39609375 0.0296875 0.0703125
0 0.90234375 0.32578125 0.0296875 0.071875
0 0.825 0.5484375 0.028125 0.0796875
0 0.85078125 0.55078125 0.03125 0.0765625
0 0.87578125 0.55 0.028125 0.075
1 0.62109375 0.10234375 0.03125 0.0703125
1 0.6453125 0.1015625 0.0296875 0.0703125
1 0.66953125 0.1015625 0.03125 0.0734375
1 0.74921875 0.16875 0.03125 0.071875
1 0.64609375 0.325 0.0296875 0.06875
1 0.6203125 0.39453125 0.0296875 0.075
1 0.6453125 0.39375 0.0296875 0.0765625
1 0.69609375 0.39296875 0.03125 0.071875
1 0.721875 0.39375 0.03125 0.0734375
1 0.74765625 0.32578125 0.028125 0.071875
1 0.77421875 0.325 0.03125 0.0671875
1 0.77421875 0.39375 0.028125 0.0734375
1 0.85078125 0.39609375 0.028125 0.075
1 0.64609375 0.553125 0.0265625 0.06875
1 0.671875 0.55078125 0.034375 0.0703125
1 0.69765625 0.553125 0.028125 0.071875
1 0.64609375 0.61953125 0.0296875 0.075
1 0.67265625 0.6203125 0.03125 0.0734375
1 0.69765625 0.621875 0.0296875 0.0734375
1 0.72265625 0.61953125 0.028125 0.075
1 0.7484375 0.61875 0.03125 0.0734375
1 0.77421875 0.62421875 0.028125 0.075
1 0.79921875 0.61953125 0.0296875 0.0734375
1 0.8515625 0.61953125 0.028125 0.075
1 0.8765625 0.61875 0.028125 0.075
1 0.64609375 0.77578125 0.0296875 0.075
1 0.671875 0.7765625 0.03125 0.078125
1 0.696875 0.77734375 0.0328125 0.0734375
1 0.7234375 0.77578125 0.028125 0.0734375
1 0.77421875 0.77890625 0.028125 0.071875
1 0.64609375 0.84375 0.0328125 0.0734375
1 0.671875 0.8453125 0.0296875 0.071875
1 0.69765625 0.8453125 0.028125 0.071875
1 0.72421875 0.84453125 0.028125 0.071875
1 0.7484375 0.84609375 0.028125 0.0734375
1 0.77421875 0.8453125 0.0296875 0.0703125
1 0.79921875 0.778125 0.0296875 0.071875
1 0.79921875 0.84609375 0.0296875 0.071875