0 0.1640625 0.16953125 0.109375 0.1109375
0 0.16171875 0.33828125 0.10625 0.1046875
0 0.16171875 0.50390625 0.1046875 0.1046875
0 0.25703125 0.59296875 0.1046875 0.090625
0 0.1609375 0.67734375 0.10625 0.1109375
0 0.48125 0.2453125 0.1046875 0.109375
0 0.8875 0.08125 0.10625 0.1
0 0.58046875 0.33671875 0.1046875 0.1015625
0 0.48125 0.42109375 0.103125 0.096875
0 0.58125 0.50859375 0.0984375 0.1015625
0 0.48203125 0.5890625 0.103125 0.1125
0 0.58359375 0.6796875 0.1109375 0.103125
0 0.7921875 0.6796875 0.1 0.103125
0 0.4828125 0.7859375 0.10625 0.1390625
0 0.79140625 0.76484375 0.10625 0.096875
0 0.89140625 0.5984375 0.10625 0.10625
0 0.78984375 0.8484375 0.109375 0.1015625
0 0.48203125 0.909375 0.1125 0.1390625
1 0.25859375 0.078125 0.1046875 0.1125
1 0.25625 0.17109375 0.1078125 0.11875
1 0.25625 0.259375 0.103125 0.1125
1 0.25859375 0.33828125 0.103125 0.1203125
1 0.2578125 0.42578125 0.1015625 0.1140625
1 0.25546875 0.50078125 0.10625 0.109375
1 0.48515625 0.08203125 0.1015625 0.1078125
1 0.58203125 0.08203125 0.1015625 0.0984375
1 0.58125 0.16796875 0.1015625 0.1015625
1 0.7875 0.16953125 0.1046875 0.1078125
1 0.78828125 0.25859375 0.10625 0.0953125
1 0.7890625 0.33828125 0.103125 0.1015625
1 0.88125 0.16875 0.1078125 0.103125
1 0.88671875 0.25703125 0.1046875 0.1046875
1 0.78828125 0.42421875 0.1015625 0.0953125
1 0.78671875 0.59453125 0.1140625 0.09375
1 0.88984375 0.684375 0.1015625 0.1046875
1 0.89296875 0.7640625 0.0984375 0.1109375
1 0.890625 0.846875 0.1 0.0984375
1 0.8890625 0.9328125 0.0984375 0.1046875
1 0.78984375 0.93515625 0.10625 0.1
1 0.5828125 0.24140625 0.096875 0.096875
1 0.15859375 0.5859375 0.10625 0.0984375
1 0.159375 0.40859375 0.103125 0.1125
1 0.16015625 0.25390625 0.103125 0.0984375
1 0.16484375 0.084375 0.096875 0.090625