1 0.77734375 0.89375 0.2296875 0.2125
1 0.15234375 0.6671875 0.2484375 0.396875
1 0.671875 0.86796875 0.23125 0.2640625
1 0.04296875 0.5765625 0.0859375 0.409375
1 0.84296875 0.93359375 0.1484375 0.1328125
1 0.08046875 0.6390625 0.1609375 0.390625
1 0.3484375 0.78515625 0.265625 0.40625
0 0.24375 0.74453125 0.23125 0.384375
1 0.5515625 0.85078125 0.23125 0.2984375
0 0.446875 0.82265625 0.228125 0.3546875
0 0.78984375 0.41015625 0.240625 0.3890625
0 0.89296875 0.46953125 0.2140625 0.3609375
0 0.47578125 0.2734375 0.2578125 0.4390625
0 0.93671875 0.52890625 0.1265625 0.3671875
0 0.68203125 0.38515625 0.2515625 0.4328125
0 0.36796875 0.22578125 0.2640625 0.4171875
0 0.26796875 0.190625 0.2578125 0.38125
1 0.16328125 0.171875 0.2484375 0.34375
1 0.56328125 0.365625 0.225 0.35625