1 0.7179120593749999 0.6066817999999999 0.71348805 0.42503733906249996 0.643840721875 0.42316777656250004 0.6363478359375 0.6013630531249999 0.7179120593749999 0.6066817999999999
1 0.6535853031250001 0.6119930124999999 0.65332471875 0.4265043171875 0.5815736953124999 0.42073086562500006 0.5789673890625 0.611292115625 0.6535853031250001 0.6119930124999999
1 0.5895154765624999 0.6191329546875 0.5950876578125001 0.44167742812500005 0.5239350453125 0.436290096875 0.5210730203125 0.6175638718750001 0.5895154765624999 0.6191329546875
1 0.5249317203125 0.622615515625 0.5362112859375 0.44296353593750004 0.4668129296875 0.4405887640625 0.455201709375 0.6268214796875 0.5249317203125 0.622615515625
1 0.465237109375 0.6235464000000001 0.47443994843750004 0.4423270296875 0.40788927812500003 0.44700531562499995 0.40091164375000005 0.6213988515625 0.465237109375 0.6235464000000001
1 0.40940128593749997 0.6295289859375 0.417171584375 0.4457166234375 0.35231163906249996 0.44735759531249997 0.3383863546875 0.6245922578124999 0.40940128593749997 0.6295289859375
1 0.3527944234375 0.6300259125000001 0.3537894578125 0.452294925 0.298018921875 0.45685256562500004 0.27971976249999997 0.6328373093749999 0.3527944234375 0.6300259125000001
1 0.29052477187500003 0.6425068078125 0.297163184375 0.460253228125 0.2380662046875 0.46341374531249996 0.2223406578125 0.6353073953124999 0.29052477187500003 0.6425068078125
1 0.23777790156249998 0.640596621875 0.2463268421875 0.4720567625 0.1830025359375 0.46742311406250003 0.165475553125 0.6414347796875 0.23777790156249998 0.640596621875
1 0.17859731875 0.6451844453125 0.19549328125 0.47454200156250004 0.1297391296875 0.47677349375 0.11427056093750002 0.65049565625 0.17859731875 0.6451844453125
1 0.71830625625 0.7837263859375 0.7180388 0.5837334515625 0.6416706703124999 0.5834456078125 0.635248775 0.7706331125 0.71830625625 0.7837263859375
1 0.65025543125 0.773908021875 0.651155109375 0.58237163125 0.5801540375 0.5942447984375 0.5789329859375 0.7796245546875 0.65025543125 0.773908021875
1 0.5893346375 0.7760091484375 0.588727334375 0.5911452828125 0.520867196875 0.599346653125 0.51474438125 0.7757242062499999 0.5893346375 0.7760091484375
1 0.5279679390625 0.7792497171874999 0.526857353125 0.5984953265625 0.46202555937499995 0.6076163046875 0.45397050468750005 0.7874958265625 0.5279679390625 0.7792497171874999
0 0.457834240625 0.78479918125 0.46368639062500006 0.6073734265625 0.4002129109375 0.6119963234375 0.39513039375000003 0.787150896875 0.457834240625 0.78479918125
1 0.400032121875 0.7961531453124999 0.4060901390625 0.6127776234375 0.34241157499999997 0.6190429953125001 0.33168300156249997 0.7928374390624999 0.400032121875 0.7961531453124999
1 0.3403015984375 0.7894726234375 0.34663672343749996 0.6157524015625 0.2834237609375 0.613334865625 0.26808800625 0.7931608484375 0.3403015984375 0.7894726234375
1 0.279230915625 0.7991323218749999 0.2901560546875 0.618309384375 0.22948547187499999 0.621992215625 0.208949603125 0.799318575 0.279230915625 0.7991323218749999
1 0.22187710156249998 0.796424959375 0.23386078437500002 0.6221855281249999 0.17168417656249998 0.629038840625 0.1556063203125 0.803585159375 0.22187710156249998 0.796424959375
1 0.164967715625 0.8011927265625 0.1803512625 0.6297058 0.1174489921875 0.6355843250000001 0.094241103125 0.7982111515625 0.164967715625 0.8011927265625
0 0.8245004328125001 0 0.8258972375000001 0.07816777968750001 0.8903856796875 0.0669510109375 0.8862882890625 0 0.8245004328125001 0
0 0.7435542140625 0 0.7459562125 0.08724924843750001 0.8149011984375001 0.081866765625 0.8127812328124999 0 0.7435542140625 0
0 0.68867971875 0 0.6872629640625 0.096574740625 0.7569507109375 0.092164725 0.7525877921874999 0 0.68867971875 0
0 0.63679995625 0 0.6354045328125 0.1070933765625 0.6998914421875 0.1044911484375 0.69373315 0 0.63679995625 0
0 0.5791824421875 0 0.5761176875 0.11219519062500001 0.64357564375 0.113482509375 0.636177209375 0 0.5791824421875 0
1 0.5256779078125 0 0.524408396875 0.1194624578125 0.5908275421875 0.1133582640625 0.5865604046875 0 0.5256779078125 0
1 0.47531670937500003 0 0.4692813125 0.12828687968750002 0.535402909375 0.1243780546875 0.5370814890625 0 0.47531670937500003 0
1 0.46503659375 0 0.42536240000000003 0.00557584375 0.413264603125 0.1264683734375 0.4833952375 0.138147990625 0.4813959171875 0 0.46503659375 0
1 0.37376302968749997 0.0128276625 0.3652698234375 0.1342904171875 0.4284196203125 0.13079924999999998 0.42667730625000005 0.0053910468750000004 0.37376302968749997 0.0128276625
1 0.32690583281249996 0.0194130125 0.31192584375 0.14286428125 0.378492634375 0.142123171875 0.384546990625 0.011312076562499999 0.32690583281249996 0.0194130125
1 0.2747952640625 0.026736674999999998 0.262445546875 0.1487414265625 0.32589214218749996 0.1473620984375 0.335138159375 0.018256034375 0.2747952640625 0.026736674999999998
0 0.2267802390625 0.033484746875 0.212222546875 0.1536462171875 0.2713594578125 0.15610298281249999 0.27426470625 0.026811240625 0.2267802390625 0.033484746875
1 0.178025328125 0.040336803125 0.159429646875 0.16321936718750002 0.22168824374999999 0.157699859375 0.22788797343749997 0.033329065625 0.178025328125 0.040336803125