1 0.663355865625 0.1654722296875 0.6036913875 0.2615582203125 0.6158710359375 0.326525059375 0.6808501859375 0.23057866875 0.663355865625 0.1654722296875
0 0.53464705 0.266558590625 0.4224413875 0.23373287812500002 0.4321799046875 0.3042518125 0.5358966296875 0.34879830625 0.53464705 0.266558590625
0 0.4196839078125 0.23229203593749997 0.35525388750000003 0.3279109609375 0.3734486578125 0.40362480625 0.444675903125 0.3093917828125 0.4196839078125 0.23229203593749997
0 0.3159670859375 0.35736494531249996 0.1849413875 0.3107876734375 0.188507946875 0.371071553125 0.294723928125 0.39677146875 0.3159670859375 0.35736494531249996
0 0.3384599203125 0.55439763125 0.2365038875 0.529109590625 0.24848867968750002 0.588664184375 0.3534550796875 0.629784075 0.3384599203125 0.55439763125
0 0.32721350312499997 0.4944311609375 0.22244138750000003 0.477739728125 0.22724552031249998 0.5269844140625 0.330962340625 0.5595376 0.32721350312499997 0.4944311609375
0 0.1974413875 0.381421234375 0.2110006859375 0.43960466093750006 0.3197159234375 0.46016460625000005 0.31096866875 0.3933448 0.1974413875 0.381421234375
0 0.20994138750000002 0.41566780937500003 0.2234966828125 0.4944311609375 0.3384599203125 0.5167044078125 0.32721350312499997 0.45159796874999997 0.20994138750000002 0.41566780937500003
1 0.2521288875 0.5697773984375 0.26598309531250003 0.6691906000000001 0.38719433125 0.6983171828125 0.370949496875 0.61436423125 0.2521288875 0.5697773984375
1 0.3849413875 0.43493150781249995 0.407187909375 0.5029977999999999 0.477165478125 0.4019114390625 0.45342306250000003 0.33337833125 0.3849413875 0.43493150781249995
1 0.4471750640625 0.65891059375 0.5458934671875 0.6314975078125 0.5115038875 0.55907534375 0.4471750640625 0.65891059375
1 0.53464705 0.643490684375 0.6358647078125 0.61093743125 0.5130663875 0.5612157546875001 0.53464705 0.643490684375
1 0.4927538875 0.5055650703125 0.42718148749999996 0.6075107625 0.4496743203125 0.6691906000000001 0.5234006328125 0.5629642687499999 0.4927538875 0.5055650703125
1 0.7483286890625 0.4207580828125 0.6849413875 0.5184075359375 0.704592696875 0.592090853125 0.765823009375 0.49614446250000005 0.7483286890625 0.4207580828125
1 0.72708553125 0.3727849203125 0.6661913875 0.4670376734375 0.6858487 0.5321243828125 0.749578175 0.4276113546875 0.72708553125 0.3727849203125
1 0.6983446984375 0.2614186203125 0.6349413875 0.364297946875 0.65210954375 0.42932472187500004 0.7183381796874999 0.33851836562500004 0.6983446984375 0.2614186203125
1 0.678351025 0.21687206093750003 0.6146288875 0.3107876734375 0.6346150328125 0.3864915296875 0.7020935359375 0.2836918671875 0.678351025 0.21687206093750003
1 0.6474413875 0.40924657656249996 0.64086303125 0.410478078125 0.6671047031249999 0.4875778234375 0.7333335296875 0.3796381921875 0.71209018125 0.314531753125 0.6474413875 0.40924657656249996
1 0.5971270390625001 0.49957113125 0.48341347656250006 0.45159796874999997 0.49465989375 0.5029977999999999 0.6083735515625001 0.55439763125 0.5971270390625001 0.49957113125
1 0.56588704375 0.38820483125 0.45525388749999995 0.3450342484375 0.4646694796875 0.4173314140625 0.5783830421875 0.45502463750000005 0.56588704375 0.38820483125
1 0.4646694796875 0.39505816718750003 0.40525388749999997 0.477739728125 0.42343264999999997 0.5578242984374999 0.48466305781249996 0.4618779078125 0.4646694796875 0.39505816718750003
1 0.48341347656250006 0.441318028125 0.4177538875 0.5333904125 0.43842790468750004 0.61779076875 0.5034070546875 0.5235577453125 0.48341347656250006 0.441318028125