0 0.03828125 0.64296875 0.0765625 0.4203125
0 0.8359375 0.84609375 0.16875 0.3078125
1 0.7359375 0.81796875 0.221875 0.3640625
0 0.08828125 0.6828125 0.1765625 0.421875
0 0.18984375 0.71875 0.1828125 0.4328125
0 0.41484375 0.77890625 0.1921875 0.428125
1 0.5125 0.82421875 0.175 0.3515625
1 0.3109375 0.77890625 0.1765625 0.378125
0 0.57109375 0.253125 0.1984375 0.4171875
0 0.8828125 0.34765625 0.1828125 0.4203125
0 0.95 0.384375 0.1 0.403125
1 0.24609375 0.18046875 0.1640625 0.3421875
0 0.7625 0.325 0.2078125 0.4609375
0 0.4546875 0.23984375 0.228125 0.4796875
0 0.65625 0.3078125 0.209375 0.459375
1 0.34765625 0.23203125 0.1828125 0.375
1 0.14453125 0.18046875 0.1734375 0.3546875
0 0.6296875 0.8046875 0.190625 0.390625