0 0.25078125 0.79140625 0.3265625 0.4171875
1 0.13984375 0.84375 0.2046875 0.3125
1 0.5578125 0.82421875 0.19375 0.3515625
1 0.8296875 0.76015625 0.221875 0.3609375
0 0.4671875 0.81796875 0.2 0.3640625
0 0.690625 0.78984375 0.2296875 0.371875
0 0.93046875 0.72890625 0.1390625 0.3515625
0 0.30234375 0.22890625 0.225 0.4
1 0.15625 0.26171875 0.240625 0.3984375
0 0.43046875 0.21171875 0.2328125 0.4234375
1 0.0703125 0.30234375 0.140625 0.4109375
0 0.72109375 0.16796875 0.3015625 0.3359375
1 0.5765625 0.19296875 0.2171875 0.3765625
1 0.85625 0.171875 0.221875 0.34375