0 0.265625 0.790625 0.2765625 0.41875
1 0.1453125 0.8375 0.2 0.325
1 0.55625 0.80546875 0.1609375 0.346875
1 0.81640625 0.75625 0.1921875 0.384375
0 0.47109375 0.8109375 0.1640625 0.378125
0 0.68125 0.78359375 0.196875 0.3875
0 0.9265625 0.72734375 0.146875 0.3828125
0 0.29921875 0.2296875 0.1828125 0.3828125
1 0.1625 0.2609375 0.2015625 0.384375
0 0.4234375 0.21015625 0.190625 0.409375
1 0.0671875 0.296875 0.134375 0.4109375
0 0.69453125 0.1609375 0.259375 0.321875
1 0.56015625 0.20078125 0.1765625 0.3421875
1 0.8328125 0.16484375 0.2 0.3296875