0 0.2453125 0.7765625 0.23125 0.446875
1 0.11640625 0.815625 0.1609375 0.36875
1 0.53515625 0.8015625 0.128125 0.3421875
1 0.7984375 0.7828125 0.15625 0.3828125
0 0.4484375 0.80546875 0.128125 0.3890625
0 0.6625 0.7953125 0.1609375 0.3875
0 0.92734375 0.76953125 0.1453125 0.3828125
0 0.3390625 0.2015625 0.146875 0.378125
1 0.20078125 0.2203125 0.165625 0.378125
0 0.46171875 0.19921875 0.1515625 0.3984375
1 0.07578125 0.24140625 0.1515625 0.4015625
0 0.74140625 0.17421875 0.23125 0.315625
1 0.60078125 0.20078125 0.1421875 0.3375
1 0.8796875 0.1828125 0.165625 0.346875