1 0 0.8803846078124999 0.4203447765625 0.766586378125 0.17013831562499998 0.5019005453125 0 0.489606090625 0 0.8803846078124999
1 0.397044003125 0.7750609359375 0.7461280125 0.672422375 0.40862732343749997 0.49267486250000003 0.16260160937499998 0.5058506625 0.397044003125 0.7750609359375
1 0.39054283125 0.5021633624999999 0.7254549765625 0.67851798125 0.8958239390625 0.6263875453125001 0.5639919171875001 0.49542631249999997 0.39054283125 0.5021633624999999
1 0.9735702671875 0.5995989140625 0.67242245 0.4890467421875 0.5577596984375 0.4996299984375 0.8691227203125 0.635646071875 0.9735702671875 0.5995989140625
1 0.9923403546875 0.5875499796875 0.9955533953125 0.5710203218750001 0.742347025 0.4847235484375 0.6621863718750001 0.4961595234375 0.95782749375 0.6030387734375 0.9923403546875 0.5875499796875
1 1 0.5469094859375 0.8030144484375 0.4843315921875 0.7370168140625 0.48994801718750003 0.9937973937500001 0.580054165625 1 0.5481445218750001 1 0.5469094859375
1 0.0118118234375 0.3910889109375 0.11860162656249999 0.3961563359375 0.06812689375 0.364772303125 0.0177982515625 0.3602914078125 0.0118118234375 0.3910889109375
1 0.2659040125 0.4070661015625 0.19035476875 0.37299637812499997 0.0576078390625 0.365495215625 0.099188134375 0.397921146875 0.2659040125 0.4070661015625
1 0.3869156125 0.41563468124999997 0.28843836875 0.3820927640625 0.18194876875 0.3772104015625 0.25910876250000003 0.41128365 0.3869156125 0.41563468124999997
1 0.4806965640625 0.422233175 0.37910876718750003 0.38974816875 0.2815288609375 0.3854963734375 0.37680995 0.418654896875 0.4806965640625 0.422233175
1 0.358018053125 0.3884177546875 0.466907715625 0.42176826875 0.5570940265625001 0.42323731249999996 0.4539464171875 0.3954862703125 0.358018053125 0.3884177546875