1 0.1763081328125 0.7893115500000001 0.137788534375 0.9640069453125 0.2393359625 0.9650966203125 0.2718286671875 0.78083708125 0.1763081328125 0.7893115500000001
1 0.34500599374999996 0.7676863953125 0.30868486875 0.9504186203125 0.41348958593749996 0.9512805249999999 0.44303616406249996 0.7709115328125 0.34500599374999996 0.7676863953125
1 0.031433303125 0.96697756875 0.076241009375 0.9732251562500001 0.0990118953125 0.7970145015625001 0.018942659375 0.788353028125 0.031433303125 0.96697756875
1 0.5213582156250001 0.761907121875 0.4815518234375 0.9416068875000001 0.5825292953125001 0.9345458546875 0.6082766000000001 0.763449690625 0.5213582156250001 0.761907121875
1 0.6009350796875 0.7530663890625 0.5626433343749999 0.931022028125 0.6679041390625 0.938404515625 0.6938091453124999 0.757468671875 0.6009350796875 0.7530663890625
1 0.435266771875 0.7712033984375 0.39674692500000003 0.9458988109375 0.4963238625 0.9422120125 0.518386265625 0.765642540625 0.435266771875 0.7712033984375
1 0.26042920625 0.7752386671875 0.22550862500000002 0.9545967828125 0.32576950625 0.9606908109375001 0.3429633828125 0.773816409375 0.26042920625 0.7752386671875
1 0.7626293625 0.748311975 0.7273669296875 0.9227796078124999 0.8342563796875 0.930048209375 0.858622365625 0.7438973640625 0.7626293625 0.748311975
1 0.855121521875 0.73693003125 0.8217158343750001 0.9145440015625 0.919517234375 0.9322767531249999 0.9483702953125001 0.7396680234375 0.855121521875 0.73693003125
1 0.4347623703125 0.7171809578125 0.5372546328125 0.7083760390625 0.5553856015624999 0.5338532171875 0.45885214531249996 0.5467708328125 0.4347623703125 0.7171809578125
1 0.6015707046875 0.7153452984374999 0.7104635546875 0.7044546546875 0.7353086765625 0.5315040046874999 0.6332337531250001 0.5362150328124999 0.6015707046875 0.7153452984374999
1 0.7709522578125 0.7035009859375 0.875073153125 0.69458199375 0.8983702171875001 0.5221480781250001 0.8028434078125001 0.5276309453125 0.7709522578125 0.7035009859375
1 0.8539005203125001 0.6960625281249999 0.9649919640625001 0.693208646875 0.9882605515625 0.5199552265625 0.8842768937500001 0.5219365625 0.8539005203125001 0.6960625281249999
1 0.391297596875 0.2828442453125 0.359406440625 0.45871422500000003 0.46186591874999994 0.4728450140625 0.49207016406250004 0.2722425359375 0.391297596875 0.2828442453125
1 0.1304636421875 0.5549910171875 0.0945984765625 0.7442437749999999 0.196259896875 0.7469636296875 0.226328784375 0.56914179375 0.24432363124999998 0.568324603125 0.1304636421875 0.5549910171875
1 0.2177466984375 0.2818751546875 0.18805414843749998 0.46578201874999997 0.2951715765625 0.47631085312500004 0.3189685828125 0.284346978125 0.2177466984375 0.2818751546875
1 0.6531714234375 0.25961785625 0.6213942625 0.43711801406250006 0.7114270625 0.43737478281250003 0.748667803125 0.25429948125 0.6531714234375 0.25961785625
1 0.4339709921875 0.0505244109375 0.39264981875 0.23196815625 0.49711268906250006 0.22793963750000001 0.5277450375 0.0507780609375 0.4339709921875 0.0505244109375
1 0.6812664078124999 0.21670044375000003 0.6969847296875 0.0435995 0.6948795578125 0.041137325 0.5926358515625 0.049258165625 0.5636601421874999 0.22000994999999998 0.6812664078124999 0.21670044375000003
1 0.7341005093749999 0.199901034375 0.8421626421875 0.2005351578125 0.869875221875 0.0268539875 0.7665616156249999 0.032181734375 0.7341005093749999 0.199901034375
1 0.056850221874999995 0.298040521875 0.01670185625 0.47284981249999997 0.1270765734375 0.48315087500000004 0.1480458953125 0.298345503125 0.056850221874999995 0.298040521875
1 0.1845564890625 0.0646889328125 0.1532354171875 0.2487096421875 0.24978279531249997 0.24851086718749998 0.2776840828125 0.0744033671875 0.1845564890625 0.0646889328125
1 0 0.2561486671875 0.07483123750000001 0.2509159578125 0.0997690234375 0.07620297499999999 0.0076015421875 0.0852533921875 0 0.12239188125 0 0.2561486671875