1 0.52734375 0.6328125 0.084375 0.2078125
1 0.465625 0.6328125 0.0875 0.2
1 0.4015625 0.6359375 0.090625 0.2
0 0.3696435234375 0.9411299390625001 0.3667877390625 0.5422809078124999 0.30467848750000004 0.524160971875 0.29165346875 0.945217225 0.3696435234375 0.9411299390625001
1 0.43855494375 0.7255503734375 0.366483675 0.728300584375 0.359924084375 0.9469829624999999 0.44482011874999994 0.9407525343750001 0.43855494375 0.7255503734375
1 0.5053766640624999 0.7232467828125 0.42583586875 0.73156080625 0.4377277984375 0.939343009375 0.5205311015625 0.9314410375 0.5053766640624999 0.7232467828125
1 0.5752738234375 0.71735835625 0.4940133109375 0.73155014375 0.507812015625 0.93745126875 0.5928942390625 0.9347735140625 0.5752738234375 0.71735835625
1 0.6391523890624999 0.71623589375 0.5620977359375 0.72976320625 0.580616521875 0.9300733125 0.6573273546875 0.9207092828125001 0.6391523890624999 0.71623589375
1 0.6192497828125 0.5295547796875 0.5514292140625 0.5264746703125 0.5654815671875 0.7325609859375 0.64371868125 0.7238389984375 0.6192497828125 0.5295547796875
1 0.6816959984375 0.5262821109375 0.6133466421875 0.5290068875 0.6324065234375 0.7313644312500001 0.7038558578125 0.7172210046874999 0.6816959984375 0.5262821109375
1 0.7395591703125 0.5131454078125001 0.6719607640625 0.5305567625000001 0.69702338125 0.7233562499999999 0.770011415625 0.7137539375 0.7395591703125 0.5131454078125001
1 0.7949328015625 0.5145737796875001 0.7302729453125 0.5263453328125001 0.760403434375 0.716568390625 0.8290326109375 0.7106607687500001 0.7949328015625 0.5145737796875001
1 0.8525130765625001 0.511556125 0.7917676578124999 0.5208116546875 0.8255033984375 0.717778403125 0.8884003874999999 0.7017722625 0.8525130765625001 0.511556125
0 0.892911740625 0.6927584140625 0.81788483125 0.7089141875 0.8473957999999999 0.8749055671875 0.9211375390625 0.8548648265625 0.892911740625 0.6927584140625
0 0.8310690578125 0.7075471375 0.7616392015625 0.7153282359375 0.78329104375 0.8678662265625 0.8545145218749999 0.8618227296875001 0.8310690578125 0.7075471375
0 0.7878915 0.86878054375 0.7635305812500001 0.7067562984375 0.6990731953125 0.712830009375 0.723229946875 0.8883454109375 0.7878915 0.86878054375
0 0.721284225 0.8884473828124999 0.6980667328125 0.7145174937500001 0.6343355609375 0.718533596875 0.6530777609375 0.902420859375 0.721284225 0.8884473828124999
0 0.8291908937500001 0.4158486578125 0.921786684375 0.4833868203125 0.9032479328124999 0.3645946140625 0.81113098125 0.30702878437500003 0.8291908937500001 0.4158486578125
1 0.9010762984375 0.37279643125 0.8778234312500001 0.28071943125 0.79162405 0.22023810625 0.8113881765625001 0.32434682187499997 0.9010762984375 0.37279643125
1 0.878930371875 0.2976983984375 0.8545687421875 0.1938870625 0.7763709859375 0.14015708124999998 0.7924090921875 0.2352176015625 0.878930371875 0.2976983984375
0 0.8651399296875001 0.20829725468750002 0.8410459328125001 0.10654466874999999 0.7627773999999999 0.0669216734375 0.7750894796875001 0.152934003125 0.8651399296875001 0.20829725468750002
0 0.509606021875 0.1379615421875 0.5020333171875 0.046364693750000005 0.42005436874999996 0.10452541875000002 0.42271381874999997 0.2049088421875 0.509606021875 0.1379615421875
1 0.62266335625 0.11365923124999999 0.54060399375 0.17100003749999998 0.5532180140625 0.2627737140625 0.6384060484375 0.2005374796875 0.62266335625 0.11365923124999999
1 0.626290825 0.1306909328125 0.6146100156250001 0.037577878125000005 0.5408118265625 0.1005076671875 0.5462914328124999 0.19265524218750002 0.626290825 0.1306909328125
1 0.51272066875 0.2222115984375 0.505371603125 0.1255800734375 0.42588408906249997 0.1909440625 0.43101705937499996 0.2888869765625 0.51272066875 0.2222115984375