0 0.71328125 0.275 0.20625 0.4359375
0 0.17421875 0.20859375 0.2 0.3984375
1 0.575 0.27578125 0.1875 0.371875
1 0.82578125 0.31796875 0.1765625 0.384375
1 0.9296875 0.3359375 0.140625 0.3703125
1 0.44609375 0.2625 0.1734375 0.3921875
1 0.07265625 0.20546875 0.1453125 0.3671875
1 0.31953125 0.246875 0.1828125 0.3796875
0 0.90546875 0.709375 0.1890625 0.40625
1 0.634375 0.68984375 0.1796875 0.384375
1 0.759375 0.71484375 0.1921875 0.396875
1 0.50859375 0.6796875 0.1921875 0.3859375
1 0.38671875 0.659375 0.1875 0.384375
0 0.0484375 0.6 0.096875 0.44375
1 0.128125 0.6265625 0.1765625 0.3875
0 0.25 0.6515625 0.21875 0.4515625