0 0.70390625 0.29921875 0.2765625 0.4328125
1 0.965625 0.31875 0.06875 0.346875
0 0.2078125 0.29765625 0.2625 0.3984375
1 0.57890625 0.31484375 0.24375 0.3703125
1 0.06171875 0.30625 0.1234375 0.353125
1 0.8125 0.3234375 0.2359375 0.378125
1 0.90546875 0.328125 0.1890625 0.36875
1 0.4609375 0.31640625 0.2359375 0.3859375
1 0.1109375 0.30703125 0.2140625 0.359375
1 0.34453125 0.31640625 0.240625 0.375
0 0.9015625 0.66484375 0.196875 0.3921875
1 0.6796875 0.68671875 0.2390625 0.378125
1 0.79765625 0.69453125 0.253125 0.39375
1 0.56484375 0.68984375 0.2515625 0.384375
1 0.45078125 0.68671875 0.246875 0.3796875
1 0.0515625 0.66953125 0.103125 0.3734375
0 0.11171875 0.67890625 0.2234375 0.4421875
1 0.209375 0.68515625 0.240625 0.384375
0 0.325 0.69453125 0.2890625 0.446875