1 0.5411096125 0.9238157140625001 0.636269609375 0.8302363703125 0.63175028125 0.8079637859375 0.59196240625 0.7518352140625 0.44922835 0.877257490625 0.5411096125 0.9238157140625001
0 0.58353555 0.7572567765625 0.690426534375 0.9055338359375 0.7658923359375 0.814993871875 0.6404052375 0.6840135625 0.58353555 0.7572567765625
1 0.26469325625 0.5783275109375 0.39057365625 0.747144071875 0.412522459375 0.61579303125 0.3335077703125 0.52330018125 0.26469325625 0.5783275109375
0 0.595381840625 0.6406104234375001 0.7313705125000001 0.7806401640625 0.760272509375 0.6828506796875 0.658887525 0.5774872515625 0.595381840625 0.6406104234375001
0 0.4915502890625 0.6253965781249999 0.535654246875 0.6863415625 0.6475456171875 0.5768355890625 0.6112097750000001 0.5300360859375 0.4915502890625 0.6253965781249999
0 0.7517928687500001 0.6644431890625 0.76659931875 0.5733599234375 0.7658873734375 0.575712690625 0.6660371421875 0.468412528125 0.615089159375 0.5380572375 0.7517928687500001 0.6644431890625
0 0.766905765625 0.5675125640625 0.76875966875 0.47014705625 0.6748196265625 0.382876903125 0.623259615625 0.43685385312499997 0.766905765625 0.5675125640625
1 0.5254367984375 0.45185243750000004 0.5763819031249999 0.49165699687500003 0.681407421875 0.39704784375 0.63662236875 0.3540934234375 0.5254367984375 0.45185243750000004
1 0.3181964390625 0.40523055937499997 0.43703287968750004 0.5443613140625 0.4529870515625 0.425023965625 0.3733301390625 0.337759709375 0.3181964390625 0.40523055937499997
1 0.200579059375 0.4889713109375 0.1839349046875 0.5877761828125 0.3677866078125 0.434676725 0.327527203125 0.39132474687499996 0.200579059375 0.4889713109375
1 0.39130541874999997 0.10416741249999999 0.5015665453125 0.2154863421875 0.5134921703125 0.125431290625 0.43939389687499997 0.061735140625 0.39130541874999997 0.10416741249999999
1 0.63936320625 0.28316858906250003 0.778908296875 0.41238446875 0.7898735640625001 0.3126635015625 0.6893917468749999 0.23106579843750003 0.63936320625 0.28316858906250003
1 0.7043008515625 0.01002078125 0.6601984640625 0.0077094734375 0.577538884375 0.0767928171875 0.5906051984375 0.155655721875 0.7208689421875001 0.0239839109375 0.7043008515625 0.01002078125
1 0.1312649 0.1433094046875 0.21712490468749998 0.2553040625 0.2391493703125 0.16232807656249998 0.175576028125 0.0909069796875 0.1312649 0.1433094046875
1 0.22721912031249997 0 0.28400371406249997 0.045773643749999995 0.293625984375 0 0.22721912031249997 0
1 0.8629849359374999 0.320423446875 0.8706395390624999 0.4205016890625 0.998862384375 0.268067284375 0.9575283765625 0.2393822890625 0.8629849359374999 0.320423446875
1 0.15923235 0.40276294999999995 0.1979298203125 0.2933871515625 0.1942155734375 0.3015884359375 0.1383073546875 0.2277200296875 0.0724536515625 0.28094788125000003 0.15923235 0.40276294999999995
0 0.3585289140625 0.23730685468749999 0.4632770296875 0.34442805 0.4845160703125 0.2679695984375 0.41539785625 0.1914259015625 0.3585289140625 0.23730685468749999
0 0.1038920046875 0.5562189390625 0.133916275 0.46058584218750004 0.0672441015625 0.380352015625 0.012518993749999999 0.4400264359375 0.1038920046875 0.5562189390625
1 0.19503276875 0.322517925 0.22708242968749998 0.2159371953125 0.164436675 0.1660875578125 0.08926754375 0.21258105624999998 0.19503276875 0.322517925
1 1 0.3417030359375 0.9565497609375001 0.30958596875 0.8550206265625 0.40737020625 0.862019365625 0.5263079296875001 1 0.3724843765625 1 0.3417030359375
0 1 0.42798581875 0.96665300625 0.3900219609375 0.85564760625 0.5082294046875 0.8597342250000001 0.6267156859375 1 0.463252890625 1 0.42798581875
0 0.9956975078125 0.59518940625 0.9977720718749999 0.5556043578125001 0.9799811249999999 0.478359828125 0.8571651125 0.6145748453125 0.85313305 0.752673584375 0.9956975078125 0.59518940625
0 0.98933640625 0.7165664656249999 0.9945029734374999 0.6179824890625001 0.973380440625 0.5862742828124999 0.8552310625 0.7191293078125 0.8696925249999999 0.85149130625 0.98933640625 0.7165664656249999
0 0.9908536015625 0.687616628125 0.85388653125 0.8349852921875 0.9179629281249999 0.9223281546875001 0.9822227640625 0.85230283125 0.9908536015625 0.687616628125
1 0.23172257031250001 0.6711318546875 0.37417759375 0.8744973578125 0.40282991093750004 0.7372822953125 0.3012713078125 0.60646959375 0.23172257031250001 0.6711318546875
1 0 0.5312347671875 0.0772009125 0.682365934375 0.112756365625 0.5659014984375 0.0182982078125 0.41764965624999995 0.0029535046874999997 0.43055080781250005 0 0.48690703125 0 0.5312347671875
0 0 0.725064771875 0.0372741453125 0.7949779625 0.079169259375 0.6655769140625 0.012908525 0.5565591421875 0 0.5656954640625 0 0.725064771875