1 0.6524128484375 0.6968310359375 0.523501896875 0.65943475625 0.44684968906250006 0.9154270046875 0.5947869859375 0.9461321140625 0.6524128484375 0.6968310359375
0 0.7569662203124999 1 0.795571603125 0.7345845609375 0.6696527359375 0.7020501375 0.6094073375 0.9662567421875 0.7197613140625 1 0.7569662203124999 1
0 0 0.7963779640624999 0.10930461875 0.8333274484375 0.248138009375 0.5733749109375 0.111999915625 0.52955760625 0 0.7319846609375 0 0.7963779640624999
0 0.8906428125 1 0.9301090999999999 0.8417093687499999 0.9344352375 0.7774466796875 0.8148708921875001 0.7408304796875 0.7713361796875 1 0.8906428125 1
0 0.5149997453124999 0.6481506968749999 0.3875717203125 0.6137057125000001 0.29182983125 0.8767762140625001 0.4378613140625 0.9090660296875 0.5149997453124999 0.6481506968749999
0 0 0.7123356265624999 0.08600715 0.532951146875 0 0.5022515249999999 0 0.7123356265624999
0 0.3808293640625 0.61675814375 0.2554058703125 0.5756062859375 0.1330270046875 0.8351221828125001 0.27427994375 0.874460415625 0.3808293640625 0.61675814375
0 0.967855421875 0.5282901703125 0.834878628125 0.5090671140625 0.8080298562499999 0.7088517859375 0.9436507296875 0.7344262640625 0.967855421875 0.5282901703125
0 0.7226397703125 0.49392989062500003 0.687768346875 0.64590880625 0.801971053125 0.6846823046875 0.8284512156250001 0.4997125203125 0.726948290625 0.4877041078125 0.7297790875 0.4895302 0.7226397703125 0.49392989062500003
0 0.4614951734375 0.414399825 0.3333924515625 0.3840325671875 0.2634123578125 0.5545242234375001 0.3899313625 0.5984284015625 0.4614951734375 0.414399825
0 0.3292021859375 0.3875952 0.20535342812500001 0.352108853125 0.133992040625 0.5222561140625 0.2543387828125 0.566681334375 0.3292021859375 0.3875952
0 0 0.46468137656249997 0.1127159015625 0.504591853125 0.2232763171875 0.303507375 0.095728296875 0.270738040625 0 0.45279303750000005 0 0.46468137656249997
0 0.7142201921875 0.4671116859375 0.5942691515625 0.43620948593750003 0.5306154671875001 0.6582240125000001 0.654830525 0.6871342671875 0.7142201921875 0.4671116859375
0 0.87037555625 0.1558604203125 0.7866441609375 0.14191313125 0.7531018859375 0.2687548203125 0.85459005625 0.285818984375 0.87037555625 0.1558604203125
0 0.9727739359375001 0.18139120312499998 0.88565988125 0.16145374375 0.8606771390624999 0.3038159484375 0.9740264828124999 0.3217775515625 0.9727739359375001 0.18139120312499998
0 0.17074073750000002 0 0.117548634375 0.0732151046875 0.2089394015625 0.11866047187499999 0.2854184234375 0 0.17074073750000002 0