1 0.48632255312500006 0.368998240625 0.5275059859375 0.231978234375 0.46028703281250005 0.19739445312499998 0.4186142359375 0.3247702421875 0.48632255312500006 0.368998240625
1 0.54216448125 0.4028196171875 0.5924221968750001 0.25886189375 0.5233178515625 0.2259077203125 0.478616034375 0.3599036078125 0.54216448125 0.4028196171875
1 0.6049866515625 0.43403938750000004 0.653150378125 0.2866127890625 0.5854419546875 0.2545258171875 0.5388398953125 0.3999892 0.6049866515625 0.43403938750000004
1 0.2238654984375 0.616154596875 0.2748212796875 0.4695952 0.208508990625 0.4305705125 0.1582949171875 0.5819994515625 0.2238654984375 0.616154596875
1 0.28459357500000004 0.651710409375 0.3341533296875 0.49994773593749997 0.2657469453125 0.4591886109375 0.21764596875 0.6134178890624999 0.28459357500000004 0.651710409375
1 0.3460197171875 0.6785940703125 0.3990695390625 0.52943306875 0.32926712812500003 0.4921428171875 0.27961545 0.6415861421875 0.3460197171875 0.6785940703125
1 0.40814387500000004 0.7115482765625 0.45770357500000003 0.5589184015625001 0.389297190625 0.5216281171875 0.3415849296875 0.6697543953125 0.40814387500000004 0.7115482765625
1 0.469625853125 0.747220325 0.5205816343749999 0.594590415625 0.45008121093750003 0.5581674 0.40180879062499997 0.704423015625 0.469625853125 0.747220325
1 0.52965596875 0.7749711875 0.5806116968749999 0.6327479671875 0.509413259375 0.5876527 0.46465108125 0.7347580578125 0.52965596875 0.7749711875
1 0.594729090625 0.8031419390625001 0.63870463125 0.66091871875 0.5689022203125 0.625362840625 0.5266205609375 0.76617649375 0.594729090625 0.8031419390625001
1 0.656155234375 0.83522894375 0.70292288125 0.693005625 0.6331204171875 0.6522465671875 0.5877172328125 0.793261353125 0.656155234375 0.83522894375
1 0.7154872296875 0.8699175562500001 0.7594627703125 0.72162375625 0.6924525187499999 0.6869351781249999 0.65143233125 0.827929971875 0.7154872296875 0.8699175562500001
1 0.7783094 0.9046061671875 0.8271710875 0.7537106953125 0.7552746890625001 0.7172876796875001 0.712529003125 0.8636819859375 0.7783094 0.9046061671875
1 0.835239228125 0.9368618171875 0.88689296875 0.7894352203125 0.8149964640625 0.7538793734375 0.7718800546875 0.9016007890625 0.835239228125 0.9368618171875
1 0.9143220140625001 0.9296005218750001 0.9506192468749999 0.822065746875 0.8738365937499999 0.7856427312500001 0.8338495343749999 0.927602253125 0.9143220140625001 0.9296005218750001
1 0.98203033125 0.9296005218750001 1 0.85241828125 0.9387528578125 0.82033134375 0.9054199203125 0.9232686765624999 0.98203033125 0.9296005218750001
1 0.09324782499999999 0.8307378999999999 0.146995659375 0.6824441 0.0827774625 0.6434194125 0.025627860937500004 0.793261353125 0.09324782499999999 0.8307378999999999
1 0.155371928125 0.8628248718749999 0.21051584218750002 0.712796634375 0.14210951249999998 0.673771946875 0.0806148640625 0.8322635500000001 0.155371928125 0.8628248718749999
1 0.21191192343749998 0.8975134828125 0.2698478921875 0.7500868859375001 0.1986494546875 0.714531071875 0.1434571546875 0.8582650140625001 0.21191192343749998 0.8975134828125
1 0.27403602656250003 0.9252644453125001 0.3326700609375 0.7769705796874999 0.26426373124999997 0.7405475312500001 0.20891787343749998 0.8907668453124999 0.27403602656250003 0.9252644453125001
1 0.3452345171875 0.9330693296874999 0.39688825781250003 0.8133935937500001 0.3228977671875 0.770900065625 0.2639048765625 0.9156849156250001 0.3452345171875 0.9330693296874999
1 0.41713102187500006 0.9313348921875001 0.45063620000000004 0.83854285 0.3836258421875 0.8047214421875 0.332856834375 0.9243520703125 0.41713102187500006 0.9313348921875001
1 0.49181957968749995 0.9313348921875001 0.5141563296875 0.8732314625 0.44505198593750006 0.8376756484375001 0.4096640765625 0.9232686765624999 0.49181957968749995 0.9313348921875001
1 0.3978013609375 0.1552608984375 0.3307910046875 0.29401534375 0.426247459375 0.3263183828125 0.47039587968749996 0.1960200234375 0.3978013609375 0.1552608984375
1 0.6658426296875 0.46745840000000005 0.71191215625 0.315695725 0.6462979328125 0.2844759890625 0.5973181375000001 0.4314076359375 0.6658426296875 0.46745840000000005