0 0.01796875 0.21015625 0.0359375 0.0921875
0 0.0234375 0.275 0.046875 0.0875
0 0.03359375 0.39453125 0.0671875 0.0921875
0 0.04609375 0.4546875 0.0921875 0.09375
0 0.15546875 0.49375 0.1 0.090625
0 0.12578125 0.375 0.1109375 0.0875
0 0.090625 0.18515625 0.0984375 0.0953125
0 0.1046875 0.25390625 0.1 0.084375
0 0.11796875 0.31796875 0.1 0.08125
1 0.0609375 0.57890625 0.109375 0.1015625
1 0.04921875 0.515625 0.0984375 0.0875
1 0.140625 0.4328125 0.1125 0.0890625
1 0.07578125 0.6375 0.1 0.09375
1 0.0890625 0.7 0.1 0.0984375
1 0.17890625 0.6140625 0.1 0.0859375
1 0.1921875 0.678125 0.1015625 0.0953125
1 0.3828125 0.63984375 0.1 0.0953125
1 0.3671875 0.575 0.0984375 0.0875
1 0.3546875 0.5140625 0.0984375 0.0859375
1 0.34140625 0.45625 0.10625 0.0875
1 0.46796875 0.55546875 0.096875 0.0921875
1 0.4828125 0.6203125 0.1015625 0.0953125
1 0.29375 0.2171875 0.0953125 0.0859375
1 0.30390625 0.2734375 0.0984375 0.0875
1 0.315625 0.33515625 0.096875 0.0890625
0 0.28046875 0.15078125 0.0984375 0.0875
0 0.328125 0.39765625 0.0984375 0.0859375
1 0.384375 0.128125 0.1 0.096875
0 0.40078125 0.19765625 0.103125 0.08125
0 0.40859375 0.24921875 0.1 0.1
0 0.42265625 0.3109375 0.103125 0.090625
0 0.43671875 0.3796875 0.1 0.08125
0 0.44765625 0.4328125 0.1015625 0.0890625
0 0.459375 0.4953125 0.0984375 0.0859375
0 0.5734375 0.0921875 0.096875 0.0921875
0 0.5875 0.159375 0.0953125 0.084375
0 0.6015625 0.21875 0.0890625 0.071875
0 0.6109375 0.278125 0.090625 0.0796875
0 0.625 0.34296875 0.0921875 0.0828125
0 0.63515625 0.403125 0.0890625 0.071875
1 0.64921875 0.46015625 0.0890625 0.071875
0 0.659375 0.5203125 0.096875 0.09375
0 0.66953125 0.5828125 0.0984375 0.0859375
1 0.7703125 0.55703125 0.1 0.0953125
1 0.75625 0.49140625 0.1015625 0.0953125
0 0.7421875 0.434375 0.103125 0.0875
0 0.73203125 0.37578125 0.1 0.078125
0 0.72109375 0.31796875 0.1 0.090625
1 0.70625 0.25546875 0.103125 0.0890625
0 0.671875 0.07421875 0.096875 0.09375
0 0.68671875 0.1453125 0.0921875 0.075
0 0.69609375 0.19765625 0.0984375 0.0859375
0 0.16796875 0.55625 0.1 0.084375
0 0.85546875 0.0125 0.0984375 0.025
0 0.8625 0.0421875 0.103125 0.084375
0 0.87109375 0.10234375 0.0953125 0.084375
1 0.88359375 0.1640625 0.090625 0.071875
0 0.89765625 0.221875 0.0921875 0.0734375
0 0.91015625 0.28359375 0.0921875 0.0796875
0 0.921875 0.34375 0.09375 0.084375
1 0.934375 0.40390625 0.090625 0.078125
1 0.94609375 0.4546875 0.0921875 0.096875
1 0.95625 0.51640625 0.0875 0.0953125
1 0.98203125 0.75859375 0.0359375 0.0921875
1 0.98828125 0.815625 0.0234375 0.0875
1 0.13984375 0.94140625 0.0953125 0.096875
1 0.15234375 0.98125 0.0953125 0.0375
1 0.24453125 0.921875 0.1 0.09375
1 0.2578125 0.96953125 0.1 0.0609375
1 0.434375 0.878125 0.096875 0.0953125
1 0.44765625 0.94140625 0.09375 0.0796875
0 0.4609375 0.978125 0.09375 0.04375
1 0.53515625 0.8578125 0.096875 0.0921875
1 0.54609375 0.91875 0.096875 0.0875
1 0.5578125 0.96953125 0.09375 0.0609375
1 0.721875 0.81875 0.0953125 0.0984375
1 0.73671875 0.88046875 0.0953125 0.0859375
1 0.7453125 0.93046875 0.0921875 0.071875
1 0.8203125 0.79921875 0.096875 0.09375
1 0.83515625 0.86171875 0.096875 0.0796875
1 0.846875 0.909375 0.09375 0.0703125