0 0.843140646875 0.5860430203125 0.7408920796875 0.5835060609375 0.728238253125 0.8116200812500001 0.843140646875 0.8165960953125 0.843140646875 0.5860430203125
1 0.754032803125 0.584384390625 0.6426660140625 0.5835060609375 0.6356129546875 0.8248893687500001 0.7516877140625 0.8265479984375 0.754032803125 0.584384390625
0 0.6520275046874999 0.5827257609375 0.5488381296875 0.5835060609375 0.54884993125 0.8232306125 0.65437259375 0.8315238859375 0.6520275046874999 0.5827257609375
1 0.460914453125 0.5959949859375 0.361182359375 0.5938666078125 0.35890933281250004 0.8116200812500001 0.45505208750000004 0.8132787109375 0.460914453125 0.5959949859375
1 0.365944153125 0.584384390625 0.2644223546875 0.5876502796875 0.25807657968750003 0.8248893687500001 0.367116609375 0.8215719828125 0.365944153125 0.584384390625
0 0.27800867500000004 0.5860430203125 0.16326416562499999 0.5855781703125 0.1560714609375 0.8232306125 0.2768362203125 0.8215719828125 0.27800867500000004 0.5860430203125
1 0.935766125 0.37539393906249996 0.8317878437499999 0.3762951203125 0.8325884609375 0.59433629375 0.935766125 0.591019034375 0.935766125 0.37539393906249996
0 0.8396231921874999 0.3770525671875 0.7394260187499999 0.3804393390625 0.7364457078125 0.592677790625 0.843140646875 0.5877017125 0.8396231921874999 0.3770525671875
0 0.6441320734375 0.3700787921875 0.6379578640625 0.6009710625 0.7458253484374999 0.5959949859375 0.7458253484374999 0.36378334375 0.6441320734375 0.3700787921875
0 0.55705720625 0.37539393906249996 0.4520781234375 0.3762951203125 0.4515346328125 0.5976536140625 0.554712296875 0.602629565625 0.55705720625 0.37539393906249996
0 0.265111490625 0.378711196875 0.1647302265625 0.3762951203125 0.1619338265625 0.5976536140625 0.26862885468750003 0.5959949859375 0.265111490625 0.378711196875
0 0.3600817890625 0.37539393906249996 0.2614902328125 0.3721509015625 0.2639389453125 0.5877017125 0.36359915468750004 0.5893603421875 0.3600817890625 0.37539393906249996
0 0.2709738546875 0.0038552875 0.16326416562499999 0 0.1560714609375 0.2261150265625 0.26980131093750004 0.22445633437499998 0.2709738546875 0.0038552875
0 0.4585695421875 0.37373524687500004 0.35238599531250003 0.3721509015625 0.355391878125 0.5976536140625 0.45974199687499995 0.6042882578125 0.4585695421875 0.37373524687500004
1 0.365944153125 0.0055139484375 0.2717526578125 0.009531754687500001 0.25807657968750003 0.22445633437499998 0.3647716984375 0.2310909765625 0.365944153125 0.0055139484375
1 0.054775675 0.0053875359375 0.0517213421875 0.229432284375 0.1818658328125 0.229432284375 0.1783484671875 0 0.054775675 0.0053875359375
1 0.35678417812499996 0.0012433171875 0.35070196875000004 0.2344082984375 0.4656043625 0.236066928125 0.46208690781249995 0 0.35678417812499996 0.0012433171875
0 0.5558847515625 0.0038552875 0.4506120625 0.0053875359375 0.4515346328125 0.236066928125 0.5558847515625 0.236066928125 0.5558847515625 0.0038552875
0 0.54737206875 0.0033154265625 0.5476774765625 0.236066928125 0.6532000499999999 0.2310909765625 0.6520275046874999 0.0021966265625 0.54737206875 0.0033154265625
1 0.641199953125 0 0.640302775 0.23760954218750002 0.7434804390624999 0.23263355937500002 0.7446529828124999 0 0.641199953125 0
0 0.843140646875 0.00322263125 0.7438242015625 0.005373860937500001 0.732928253125 0.23211707812500001 0.8454855578125 0.23211707812500001 0.843140646875 0.00322263125
0 0.8361860249999999 0.0012296421874999999 0.8325884609375 0.22879962968749998 0.9428008562500001 0.22879962968749998 0.935766125 0.0048812609375000005 0.8361860249999999 0.0012296421874999999