0 0.09921875 0.28984375 0.1984375 0.4203125
0 0.17421875 0.31015625 0.2875 0.4140625
0 0.30546875 0.31953125 0.290625 0.4109375
0 0.42890625 0.340625 0.290625 0.421875
0 0.5625 0.3328125 0.2921875 0.4234375
0 0.6890625 0.34453125 0.28125 0.41875
0 0.82265625 0.3546875 0.284375 0.421875
0 0.90390625 0.35625 0.1921875 0.41875
0 0.89453125 0.73515625 0.2109375 0.4203125
0 0.79453125 0.72265625 0.2921875 0.428125
0 0.66328125 0.7046875 0.28125 0.4203125
0 0.52890625 0.70625 0.296875 0.4390625
0 0.3875 0.6984375 0.3 0.4390625
0 0.26171875 0.68359375 0.290625 0.4234375
0 0.1390625 0.6765625 0.278125 0.43125
0 0.0734375 0.66015625 0.146875 0.4046875