1 0.0640625 0.68359375 0.1203125 0.165625
0 0.234375 0.59296875 0.1453125 0.2109375
0 0.0765625 0.51484375 0.153125 0.13125
1 0.2375 0.43125 0.1671875 0.090625
1 0.37890625 0.4625 0.11875 0.1671875
1 0.3640625 0.340625 0.1515625 0.078125
0 0.496875 0.37578125 0.1234375 0.18125
1 0.48515625 0.26015625 0.1453125 0.065625
1 0.609375 0.3 0.1140625 0.1265625
1 0.56640625 0.2109375 0.1453125 0.05625
0 0.7 0.2453125 0.1 0.121875
1 0.66875 0.15859375 0.1140625 0.0375
0 0.890625 0.6484375 0.2171875 0.2
1 0.9 0.87265625 0.196875 0.2125
1 0.76484375 0.20546875 0.078125 0.125
1 0.81875 0.1515625 0.075 0.0875
1 0.7671875 0.0921875 0.0984375 0.04375
1 0.7171875 0.1265625 0.115625 0.0484375
1 0.30390625 0.19453125 0.0875 0.125
1 0.2203125 0.24375 0.084375 0.1265625
0 0.10859375 0.29765625 0.1171875 0.1375
1 0.02421875 0.365625 0.0484375 0.13125
1 0.034375 0.27265625 0.06875 0.059375
1 0.13984375 0.20546875 0.0921875 0.0703125
1 0.23046875 0.16171875 0.0875 0.0609375
1 0.3078125 0.11484375 0.090625 0.0453125
0 0.39140625 0.1203125 0.0703125 0.1015625
1 0.4671875 0.1078125 0.0625 0.075
1 0.465625 0.053125 0.071875 0.04375
1 0.5359375 0.0765625 0.0546875 0.078125
1 0.5203125 0.0265625 0.075 0.0390625
1 0.59765625 0.0453125 0.0578125 0.05625
1 0.58359375 0.0125 0.0796875 0.025
1 0.64765625 0.02421875 0.0515625 0.0484375
1 0.6296875 0.00234375 0.084375 0.0046875
1 0.69609375 0.01953125 0.046875 0.0390625
1 0.73828125 0.009375 0.0484375 0.01875
1 0.00625 0.18671875 0.0125 0.0875
0 0.06171875 0.1375 0.0765625 0.090625
1 0.1359375 0.1125 0.05625 0.0859375
0 0.20859375 0.06015625 0.05625 0.090625
1 0.2703125 0.04453125 0.05625 0.0734375
1 0.32890625 0.034375 0.059375 0.059375
1 0.38203125 0.0203125 0.0578125 0.034375
1 0.4390625 0.009375 0.0484375 0.015625
0 0.00625 0.10625 0.0125 0.078125
1 0.10078125 0.03828125 0.0625 0.05
1 0.165625 0.03203125 0.0578125 0.04375
0 0.87578125 0.103125 0.1140625 0.0875