1 0.84140625 0.8140625 0.275 0.3703125
0 0.725 0.66484375 0.303125 0.340625
0 0.61484375 0.55546875 0.2625 0.3125
0 0.503125 0.44921875 0.259375 0.2890625
0 0.4171875 0.3484375 0.2359375 0.2484375
0 0.3375 0.2828125 0.240625 0.225
0 0.2640625 0.22734375 0.1875 0.196875
1 0.50859375 0.171875 0.171875 0.1578125
1 0.58359375 0.23359375 0.165625 0.1640625
1 0.65703125 0.28203125 0.2265625 0.171875
1 0.74375 0.35 0.2421875 0.1796875
1 0.8390625 0.43125 0.2671875 0.209375
1 0.9125 0.51875 0.1734375 0.234375