0 0.0328125 0.7953125 0.0515625 0.1953125
0 0.0546875 0.74921875 0.096875 0.171875
0 0.08984375 0.69765625 0.15625 0.1921875
0 0.1453125 0.65078125 0.1390625 0.18125
0 0.18828125 0.6078125 0.1453125 0.2
0 0.25390625 0.5671875 0.146875 0.1890625
0 0.30234375 0.534375 0.1453125 0.184375
0 0.3609375 0.47421875 0.1421875 0.1609375
0 0.42109375 0.42265625 0.1328125 0.146875
0 0.4734375 0.3671875 0.1265625 0.15
0 0.52421875 0.31328125 0.1296875 0.1671875
0 0.57578125 0.27265625 0.1421875 0.1578125
0 0.6296875 0.225 0.134375 0.1515625
0 0.6828125 0.18359375 0.1265625 0.1421875
1 0.71640625 0.153125 0.125 0.1640625
1 0.053125 0.93671875 0.0796875 0.0953125
0 0.078125 0.92109375 0.1109375 0.1359375
0 0.13515625 0.88515625 0.1171875 0.15625
0 0.19140625 0.83125 0.1140625 0.159375
0 0.765625 0.1046875 0.121875 0.1765625
0 0.8203125 0.06875 0.134375 0.1375
0 0.8578125 0.0484375 0.11875 0.096875
0 0.93046875 0.03046875 0.1078125 0.0609375
0 0.94375 0.14609375 0.0953125 0.1859375
0 0.9125 0.184375 0.11875 0.1796875
0 0.86015625 0.22578125 0.1109375 0.1953125
0 0.815625 0.26953125 0.115625 0.2015625
0 0.76640625 0.31171875 0.1328125 0.1796875
0 0.7125 0.353125 0.13125 0.1734375
0 0.65859375 0.40078125 0.121875 0.1515625
0 0.60546875 0.44375 0.125 0.1734375
0 0.56171875 0.49296875 0.115625 0.153125
0 0.50703125 0.5328125 0.1328125 0.1859375
0 0.44453125 0.58046875 0.1296875 0.1734375
1 0.40078125 0.63359375 0.1125 0.1796875
1 0.346875 0.690625 0.115625 0.1671875
1 0.30078125 0.7328125 0.1296875 0.1671875
1 0.24765625 0.7875 0.128125 0.1546875
1 0.4046875 0.9640625 0.13125 0.071875
0 0.46015625 0.93515625 0.1234375 0.1296875
1 0.51484375 0.9015625 0.1296875 0.1703125
0 0.578125 0.8515625 0.1515625 0.1609375
0 0.63125 0.8 0.1203125 0.16875
0 0.67578125 0.7390625 0.1171875 0.165625
0 0.7265625 0.6875 0.121875 0.1515625
0 0.784375 0.64296875 0.1171875 0.184375
1 0.8375 0.61640625 0.1171875 0.184375
0 0.8859375 0.56953125 0.125 0.1640625
1 0.9359375 0.53125 0.1203125 0.175
0 0.7484375 0.903125 0.1578125 0.18125
0 0.615625 0.96171875 0.1484375 0.0734375
0 0.88203125 0.77421875 0.15625 0.18125
0 0.03125 0.26171875 0.0625 0.1640625
0 0.05625 0.22890625 0.1125 0.1578125
0 0.1078125 0.171875 0.10625 0.1671875
0 0.1484375 0.13515625 0.1140625 0.14375
0 0.19765625 0.0734375 0.103125 0.1296875
0 0.23984375 0.07109375 0.10625 0.128125
0 0.30546875 0.04453125 0.1015625 0.0796875
0 0.36640625 0.0296875 0.1171875 0.0546875