0 0.965625 0.65078125 0.06875 0.1828125
0 0.915625 0.63046875 0.15625 0.18125
1 0.84140625 0.61875 0.1609375 0.159375
0 0.7546875 0.6015625 0.159375 0.1609375
0 0.6765625 0.57890625 0.1515625 0.18125
0 0.590625 0.56328125 0.1578125 0.1796875
0 0.528125 0.53359375 0.1484375 0.171875
0 0.44765625 0.51875 0.1390625 0.16875
0 0.3671875 0.50625 0.1453125 0.1671875
0 0.2875 0.48984375 0.1515625 0.16875
0 0.2203125 0.459375 0.15625 0.1875
0 0.134375 0.4546875 0.1546875 0.1765625
0 0.07265625 0.4375 0.1453125 0.178125
0 0.03046875 0.4109375 0.0609375 0.175
0 0.80703125 0.91328125 0.1328125 0.1046875
0 0.72421875 0.9125 0.134375 0.13125
0 0.65546875 0.9109375 0.1609375 0.159375
0 0.5703125 0.90078125 0.1609375 0.1921875
0 0.49609375 0.87734375 0.1515625 0.1875
0 0.4203125 0.8640625 0.1671875 0.175
0 0.34375 0.8484375 0.1609375 0.190625
0 0.26484375 0.83671875 0.1859375 0.1984375
0 0.1921875 0.8015625 0.1640625 0.175
0 0.1125 0.7859375 0.16875 0.18125
0 0.07265625 0.7578125 0.1 0.171875
0 0.0875 0.92578125 0.075 0.1484375
0 0.13046875 0.93515625 0.1515625 0.1296875
0 0.203125 0.95703125 0.15 0.0859375
0 0.2609375 0.96796875 0.1375 0.0640625
0 0.3546875 0.965625 0.121875 0.06875
0 0.43515625 0.96640625 0.1203125 0.0671875
0 0.9875 0.48046875 0.025 0.1953125
0 0.94453125 0.4546875 0.1109375 0.19375
0 0.88203125 0.45 0.128125 0.1921875
0 0.8046875 0.44140625 0.1546875 0.2109375
0 0.71953125 0.415625 0.1328125 0.1828125
0 0.646875 0.3921875 0.134375 0.1921875
0 0.571875 0.353125 0.140625 0.1859375
0 0.49453125 0.34765625 0.153125 0.1921875
1 0.425 0.33984375 0.15 0.18125
0 0.34453125 0.33359375 0.1515625 0.1703125
0 0.278125 0.3 0.1328125 0.175
0 0.20078125 0.2890625 0.1375 0.1546875
0 0.11640625 0.2703125 0.13125 0.1484375
0 0.05625 0.2421875 0.1125 0.1625
0 0.01875 0.22265625 0.0375 0.1484375
0 0.93984375 0.13828125 0.04375 0.1578125
0 0.9 0.10703125 0.109375 0.1578125
0 0.8375 0.084375 0.134375 0.1671875
0 0.75703125 0.084375 0.146875 0.15625
0 0.6828125 0.06796875 0.140625 0.1359375
0 0.6046875 0.0640625 0.153125 0.128125
0 0.53203125 0.05546875 0.1421875 0.1109375
0 0.4609375 0.04765625 0.1375 0.0953125
0 0.38828125 0.04140625 0.134375 0.078125
0 0.3140625 0.0421875 0.14375 0.059375
0 0.91875 0.01875 0.028125 0.0375
0 0.878125 0.01015625 0.1 0.0203125