0 0.96953125 0.80703125 0.0609375 0.1609375
0 0.9265625 0.68671875 0.146875 0.2015625
0 0.87421875 0.603125 0.18125 0.2109375
0 0.79765625 0.521875 0.1828125 0.2078125
0 0.70859375 0.43984375 0.15625 0.1671875
0 0.628125 0.371875 0.1625 0.165625
0 0.5609375 0.28984375 0.15625 0.1828125
0 0.49609375 0.22421875 0.1703125 0.1734375
0 0.42890625 0.15546875 0.15625 0.15
0 0.3734375 0.09765625 0.153125 0.1484375
0 0.31640625 0.06171875 0.1390625 0.0953125
0 0.6640625 0.93984375 0.19375 0.1171875
0 0.57734375 0.88671875 0.221875 0.209375
0 0.5046875 0.7625 0.178125 0.1765625
0 0.446875 0.6796875 0.1890625 0.171875
0 0.34921875 0.59375 0.190625 0.1796875
0 0.28359375 0.5234375 0.18125 0.1671875
0 0.2265625 0.4296875 0.1734375 0.1625
0 0.16796875 0.35546875 0.175 0.1359375
0 0.109375 0.2859375 0.1859375 0.128125
0 0.06875 0.21640625 0.1375 0.1328125
0 0.0453125 0.14921875 0.090625 0.1328125
0 0.01015625 0.10859375 0.0203125 0.0609375
0 0.34765625 0.88984375 0.2109375 0.2203125
1 0.41171875 0.9453125 0.1890625 0.109375
0 0.265625 0.79453125 0.221875 0.1609375
0 0.19921875 0.709375 0.1921875 0.153125
0 0.1203125 0.61171875 0.190625 0.15625
0 0.08359375 0.51640625 0.1671875 0.1421875
0 0.04765625 0.4359375 0.0953125 0.11875
0 0.01953125 0.38125 0.0390625 0.1375
0 0.55859375 0.0640625 0.1578125 0.128125
0 0.49296875 0.02734375 0.1421875 0.0546875