0 0.9578125 0.32109375 0.084375 0.3640625
0 0.9125 0.28671875 0.175 0.3578125
0 0.81875 0.2796875 0.171875 0.3671875
0 0.7203125 0.25703125 0.1796875 0.365625
1 0.62109375 0.23125 0.171875 0.3734375
0 0.5265625 0.20546875 0.1765625 0.384375
0 0.4265625 0.175 0.171875 0.35
0 0.32578125 0.1625 0.1734375 0.325
0 0.22734375 0.15546875 0.1609375 0.3109375
0 0.13671875 0.13359375 0.1578125 0.2671875
0 0.06796875 0.13671875 0.1046875 0.2734375
0 0.85625 0.94765625 0.15 0.1046875
0 0.7609375 0.9375 0.159375 0.125
0 0.6578125 0.9203125 0.153125 0.159375
0 0.5578125 0.9125 0.159375 0.175
0 0.4625 0.903125 0.15625 0.19375
0 0.36953125 0.88671875 0.1671875 0.2203125
0 0.27265625 0.87265625 0.1625 0.234375
0 0.17109375 0.85546875 0.1625 0.2546875
0 0.07734375 0.8421875 0.1546875 0.265625
0 0.03125 0.8234375 0.0625 0.290625
0 0.9453125 0.08515625 0.109375 0.0828125
1 0.8578125 0.06875 0.1 0.084375
0 0.76171875 0.0484375 0.1109375 0.0703125
0 0.6625 0.03828125 0.1109375 0.0640625
0 0.56484375 0.0171875 0.1015625 0.034375
1 0.46953125 0.0046875 0.1109375 0.009375