0 0.65859375 0.80234375 0.4453125 0.3953125
0 0.45078125 0.72265625 0.403125 0.4390625
0 0.3109375 0.6265625 0.321875 0.35
0 0.21953125 0.496875 0.296875 0.2734375
0 0.1625 0.41875 0.221875 0.1921875
1 0.090625 0.33984375 0.1765625 0.1921875
1 0.05390625 0.3 0.1 0.1828125
1 0.0265625 0.23828125 0.040625 0.1328125
1 0.84140625 0.6125 0.2875 0.2390625
1 0.696875 0.515625 0.2609375 0.2296875
1 0.5765625 0.4390625 0.2484375 0.21875
1 0.465625 0.38984375 0.2203125 0.196875
1 0.36875 0.34453125 0.2234375 0.1796875
1 0.29375 0.30234375 0.2421875 0.1828125
1 0.2328125 0.26796875 0.28125 0.175
1 0.15859375 0.23203125 0.221875 0.165625
1 0.1015625 0.18984375 0.1859375 0.1265625
1 0.0765625 0.16328125 0.1328125 0.0984375
1 0.046875 0.14140625 0.071875 0.071875
1 0.0375 0.125 0.0515625 0.0625
1 0.96640625 0.4 0.0671875 0.1375
0 0.9015625 0.33828125 0.18125 0.1421875
0 0.8046875 0.2953125 0.1671875 0.1390625
0 0.70390625 0.2609375 0.1609375 0.1625
0 0.60625 0.24921875 0.134375 0.128125
0 0.55859375 0.21328125 0.15 0.1046875
0 0.49375 0.1828125 0.11875 0.0953125
0 0.42578125 0.1484375 0.1203125 0.1046875
0 0.36875 0.13046875 0.13125 0.1015625
0 0.31640625 0.109375 0.13125 0.115625
1 0.27421875 0.096875 0.115625 0.0953125
0 0.234375 0.08125 0.1234375 0.090625
0 0.18203125 0.0625 0.103125 0.0921875
0 0.1390625 0.04921875 0.1078125 0.0828125
0 0.09765625 0.04453125 0.1078125 0.0890625
0 0.0765625 0.03828125 0.103125 0.0765625
0 0.053125 0.03046875 0.078125 0.0609375
0 0.040625 0.02109375 0.05 0.0421875