0 0.63125 0.8578125 0.1359375 0.203125
0 0.6140625 0.67734375 0.1234375 0.1640625
0 0.76015625 0.846875 0.134375 0.2234375
0 0.91171875 0.84296875 0.15625 0.2328125
0 0.98359375 0.83125 0.0328125 0.25
1 0.94296875 0.64453125 0.1140625 0.1734375
1 0.85390625 0.64140625 0.159375 0.184375
1 0.73203125 0.65625 0.128125 0.178125
1 0.77109375 0.34765625 0.1109375 0.1171875
0 0.58046875 0.35234375 0.096875 0.134375
0 0.66953125 0.3453125 0.0953125 0.1125
0 0.85078125 0.33828125 0.0984375 0.1171875
0 0.946875 0.32890625 0.0953125 0.1203125
0 0.34453125 0.3578125 0.0890625 0.1203125
0 0.25625 0.36171875 0.1046875 0.1265625
0 0.16328125 0.378125 0.1046875 0.1328125
1 0.07109375 0.38515625 0.1171875 0.125
1 0.3609375 0.24921875 0.096875 0.096875
1 0.26796875 0.26171875 0.0828125 0.1015625
1 0.19375 0.26484375 0.0734375 0.1109375
1 0.11484375 0.271875 0.0796875 0.1109375
1 0.040625 0.2640625 0.08125 0.109375
0 0.02421875 0.371875 0.0484375 0.153125
0 0.29453125 0.65 0.134375 0.1859375
0 0.25859375 0.86953125 0.1828125 0.2609375
0 0.13359375 0.89453125 0.1671875 0.2109375
1 0.16484375 0.6546875 0.140625 0.1953125
1 0.059375 0.66953125 0.115625 0.2015625
0 0.32109375 0.09140625 0.0828125 0.1125
0 0.25234375 0.0953125 0.071875 0.1046875
1 0.1859375 0.1015625 0.0734375 0.1046875
0 0.12734375 0.10625 0.08125 0.125
1 0.05703125 0.11015625 0.0859375 0.1078125
1 0.01640625 0.11796875 0.0328125 0.1234375