0 0.73125 0.8 0.3375 0.3875
0 0.5328125 0.73046875 0.3046875 0.340625
0 0.39921875 0.67734375 0.24375 0.271875
0 0.29765625 0.5875 0.23125 0.2078125
0 0.23515625 0.5328125 0.1734375 0.1453125
1 0.1375 0.4859375 0.18125 0.1453125
1 0.07890625 0.46171875 0.1578125 0.15
1 0.05 0.41328125 0.1 0.1109375
1 0.83671875 0.5640625 0.2265625 0.1796875
1 0.6984375 0.5109375 0.203125 0.171875
1 0.58359375 0.4703125 0.1953125 0.165625
1 0.48125 0.4515625 0.171875 0.1484375
1 0.3921875 0.43125 0.1765625 0.1328125
1 0.321875 0.4109375 0.1921875 0.134375
1 0.26484375 0.39453125 0.228125 0.121875
1 0.19609375 0.37890625 0.1765625 0.121875
1 0.13359375 0.3578125 0.1625 0.090625
1 0.0875 0.340625 0.159375 0.0703125
1 0.05703125 0.32890625 0.1140625 0.0546875
1 0.04765625 0.315625 0.09375 0.0515625
1 0.9296875 0.3578125 0.10625 0.1078125
0 0.83359375 0.32421875 0.1453125 0.1046875
0 0.7453125 0.30703125 0.1328125 0.103125
0 0.6546875 0.2984375 0.1234375 0.1265625
0 0.571875 0.30703125 0.103125 0.0984375
0 0.525 0.2875 0.121875 0.0765625
0 0.46640625 0.27421875 0.0953125 0.0703125
0 0.40234375 0.25859375 0.09375 0.0796875
0 0.35234375 0.25390625 0.103125 0.075
0 0.30390625 0.24609375 0.1015625 0.0875
1 0.26640625 0.24375 0.090625 0.071875
0 0.2296875 0.2390625 0.0984375 0.065625
0 0.184375 0.23359375 0.0796875 0.0703125
0 0.14453125 0.2296875 0.084375 0.0609375
0 0.10859375 0.23046875 0.0828125 0.075
0 0.0875 0.2203125 0.0796875 0.0859375
0 0.05390625 0.2109375 0.0828125 0.0859375
0 0.03515625 0.203125 0.0703125 0.0828125