0 0.9109375 0.8375 0.1765625 0.2265625
0 0.8078125 0.80546875 0.1765625 0.2140625
1 0.70078125 0.771875 0.1796875 0.2109375
0 0.97578125 0.83359375 0.046875 0.1921875
0 0.60234375 0.73125 0.1625 0.1875
0 0.52734375 0.684375 0.1609375 0.1671875
0 0.4390625 0.653125 0.171875 0.1953125
1 0.359375 0.628125 0.1453125 0.184375
1 0.340625 0.8390625 0.16875 0.1953125
1 0.51484375 0.903125 0.16875 0.1921875
0 0.425 0.865625 0.1796875 0.2234375
0 0.62890625 0.9265625 0.1515625 0.1359375
0 0.75625 0.9296875 0.11875 0.0859375
0 0.25859375 0.78984375 0.153125 0.178125
0 0.18125 0.75546875 0.153125 0.196875
0 0.11796875 0.7234375 0.1390625 0.18125
0 0.071875 0.68359375 0.1203125 0.1671875
0 0.0421875 0.646875 0.0734375 0.1609375
0 0.3 0.6 0.1625 0.1890625
0 0.2390625 0.57890625 0.1578125 0.171875
1 0.178125 0.56171875 0.146875 0.15625
0 0.1265625 0.51875 0.14375 0.14375
0 0.07109375 0.50859375 0.140625 0.1484375
0 0.05 0.48515625 0.1 0.1296875
0 0.0296875 0.4515625 0.059375 0.1296875
0 0.96953125 0.4828125 0.059375 0.140625
0 0.92265625 0.46171875 0.1140625 0.134375
0 0.83671875 0.4421875 0.1046875 0.13125
0 0.753125 0.42265625 0.125 0.1265625
0 0.68984375 0.4015625 0.125 0.1296875
1 0.61640625 0.40078125 0.1140625 0.1453125
1 0.55 0.3796875 0.1125 0.13125
0 0.48515625 0.35859375 0.1234375 0.1296875
0 0.4296875 0.3453125 0.11875 0.1296875
0 0.371875 0.3421875 0.115625 0.1421875
0 0.3171875 0.33125 0.1234375 0.11875
1 0.26640625 0.32890625 0.1109375 0.1203125
0 0.2234375 0.303125 0.11875 0.1125
0 0.18046875 0.2984375 0.1 0.1109375
0 0.13125 0.296875 0.1078125 0.1171875
0 0.090625 0.278125 0.109375 0.125
0 0.05390625 0.26640625 0.0921875 0.0984375
0 0.03203125 0.2671875 0.0625 0.109375
0 0.0203125 0.25703125 0.040625 0.1171875
0 0.940625 0.3203125 0.0953125 0.153125
0 0.86875 0.2984375 0.121875 0.1453125
0 0.7953125 0.27890625 0.1171875 0.140625
0 0.72578125 0.26875 0.1140625 0.128125
0 0.6734375 0.26640625 0.1109375 0.115625
0 0.6078125 0.25546875 0.0984375 0.10625
0 0.5515625 0.24375 0.096875 0.1140625
0 0.4984375 0.23125 0.1 0.1109375
0 0.44609375 0.228125 0.1015625 0.1
1 0.39921875 0.21796875 0.1015625 0.10625
0 0.353125 0.209375 0.1015625 0.1
0 0.30859375 0.20390625 0.090625 0.09375
0 0.26484375 0.2015625 0.096875 0.103125
0 0.221875 0.18828125 0.103125 0.109375
0 0.1828125 0.18125 0.096875 0.1109375
0 0.14296875 0.178125 0.0875 0.0875
0 0.1140625 0.16953125 0.09375 0.0921875
0 0.07578125 0.1578125 0.0953125 0.0984375
0 0.0484375 0.1671875 0.0953125 0.0859375
0 0.92265625 0.1421875 0.071875 0.1296875
0 0.87265625 0.1359375 0.0984375 0.1265625
0 0.8046875 0.1359375 0.090625 0.109375
1 0.75625 0.13828125 0.0796875 0.10625
1 0.70390625 0.11875 0.0859375 0.1015625
0 0.65078125 0.109375 0.0796875 0.103125
0 0.60390625 0.10234375 0.0828125 0.103125
0 0.55859375 0.10234375 0.084375 0.1
0 0.5140625 0.0984375 0.078125 0.0921875
0 0.465625 0.096875 0.075 0.084375
0 0.43046875 0.09375 0.0765625 0.090625
0 0.3921875 0.0828125 0.078125 0.0921875
1 0.35390625 0.084375 0.078125 0.0875
0 0.31328125 0.08125 0.084375 0.090625
0 0.28125 0.06875 0.0828125 0.0890625
0 0.2421875 0.0734375 0.071875 0.0859375
0 0.2125 0.071875 0.071875 0.075
0 0.16953125 0.0765625 0.0859375 0.071875
0 0.9078125 0.06875 0.071875 0.09375
0 0.846875 0.06171875 0.0796875 0.0984375
0 0.7953125 0.0578125 0.08125 0.096875
0 0.74140625 0.06171875 0.0703125 0.090625
0 0.684375 0.05625 0.0703125 0.0953125
0 0.65 0.04765625 0.0671875 0.0765625
0 0.603125 0.04609375 0.0703125 0.0796875
0 0.55859375 0.03828125 0.075 0.0765625
0 0.521875 0.03671875 0.065625 0.0734375
0 0.4828125 0.0390625 0.06875 0.078125
0 0.446875 0.03203125 0.0640625 0.0640625
0 0.4015625 0.0359375 0.071875 0.0625
0 0.36796875 0.0390625 0.06875 0.05625
0 0.334375 0.03984375 0.0625 0.046875
0 0.3109375 0.0375 0.0640625 0.0359375
0 0.27109375 0.03828125 0.053125 0.0234375
1 0.89609375 0.009375 0.0578125 0.01875
0 0.7984375 0.00703125 0.0609375 0.0140625
0 0.56640625 0.00234375 0.0546875 0.0046875
0 0.01953125 0.10859375 0.0390625 0.08125
0 0.034375 0.09296875 0.065625 0.059375
0 0.0640625 0.0828125 0.059375 0.0484375
0 0.09609375 0.0703125 0.0609375 0.0328125