0 0.23984375 0.95078125 0.1953125 0.0984375
0 0.3734375 0.921875 0.2 0.15625
0 0.51171875 0.90546875 0.1921875 0.1890625
0 0.63828125 0.88359375 0.190625 0.21875
0 0.76171875 0.85546875 0.2078125 0.225
0 0.884375 0.809375 0.2265625 0.2671875
0 0.9359375 0.77734375 0.128125 0.2859375
0 0.97578125 0.75546875 0.0484375 0.2921875
0 0.1453125 0.58828125 0.14375 0.2046875
0 0.24453125 0.57421875 0.1546875 0.2015625
0 0.340625 0.553125 0.1671875 0.2109375
0 0.41640625 0.528125 0.1625 0.1953125
0 0.5109375 0.5078125 0.1671875 0.19375
0 0.59765625 0.48203125 0.146875 0.1828125
0 0.675 0.45859375 0.1375 0.1765625
0 0.74375 0.43984375 0.1546875 0.1765625
1 0.82578125 0.42734375 0.146875 0.1703125
0 0.88203125 0.40625 0.16875 0.1828125
0 0.94375 0.384375 0.1125 0.16875
0 0.1046875 0.41015625 0.1140625 0.16875
0 0.06015625 0.25546875 0.0875 0.115625
0 0.121875 0.23671875 0.0875 0.1234375
0 0.18671875 0.234375 0.0890625 0.11875
0 0.24609375 0.22890625 0.0875 0.125
0 0.30546875 0.21796875 0.08125 0.128125
0 0.36875 0.209375 0.0984375 0.1203125
0 0.421875 0.19453125 0.0703125 0.1078125
0 0.47265625 0.190625 0.08125 0.1171875
0 0.5265625 0.1828125 0.08125 0.1125
0 0.5796875 0.175 0.075 0.10625
0 0.63203125 0.1578125 0.084375 0.1125
0 0.684375 0.15234375 0.0765625 0.1109375
0 0.73203125 0.14140625 0.0765625 0.115625
0 0.775 0.12734375 0.0734375 0.11875
0 0.81953125 0.11171875 0.08125 0.1203125
0 0.1828125 0.39375 0.115625 0.16875
0 0.2671875 0.38203125 0.1078125 0.153125
0 0.346875 0.36953125 0.1078125 0.1453125
0 0.425 0.359375 0.10625 0.1453125
0 0.4890625 0.3421875 0.109375 0.1453125
0 0.5578125 0.33203125 0.115625 0.1390625
0 0.62421875 0.31484375 0.1140625 0.14375
0 0.68671875 0.30625 0.1125 0.1546875
0 0.7515625 0.2828125 0.134375 0.1625
0 0.815625 0.2765625 0.115625 0.15625
0 0.87109375 0.25859375 0.109375 0.153125
0 0.9203125 0.2515625 0.1015625 0.146875
0 0.20234375 0.1515625 0.0859375 0.0828125
0 0.25625 0.140625 0.0734375 0.084375
0 0.309375 0.128125 0.06875 0.078125
0 0.36328125 0.1296875 0.075 0.075
0 0.41171875 0.121875 0.0734375 0.08125
0 0.4546875 0.11171875 0.0734375 0.084375
0 0.50546875 0.10859375 0.078125 0.0859375
0 0.55703125 0.0984375 0.0671875 0.0796875
0 0.60078125 0.08984375 0.0703125 0.084375
0 0.64375 0.08046875 0.0859375 0.0875
0 0.690625 0.0765625 0.0671875 0.0875
0 0.73828125 0.06640625 0.0734375 0.084375
0 0.66640625 0.02578125 0.0609375 0.0515625
0 0.61640625 0.02890625 0.0703125 0.0578125
0 0.5765625 0.0328125 0.06875 0.065625
0 0.5390625 0.03359375 0.065625 0.0671875
0 0.5046875 0.034375 0.06875 0.06875
0 0.46171875 0.0359375 0.0609375 0.071875
0 0.41875 0.04140625 0.0640625 0.078125
0 0.37578125 0.046875 0.065625 0.071875
0 0.33515625 0.0546875 0.0671875 0.071875
0 0.29375 0.06171875 0.0625 0.065625
0 0.2546875 0.06875 0.065625 0.065625
0 0.2109375 0.075 0.065625 0.0578125
0 0.16640625 0.08359375 0.0671875 0.0578125
0 0.04765625 0.1125 0.0640625 0.0515625
0 0.01484375 0.1171875 0.0296875 0.053125
0 0.09453125 0.09765625 0.059375 0.053125
0 0.8921875 0.065625 0.0546875 0.0375
0 0.8734375 0.046875 0.078125 0.05
0 0.8515625 0.03125 0.078125 0.05
0 0.80859375 0.0203125 0.0640625 0.0390625