0 0.8625 0.9 0.171875 0.1984375
0 0.721875 0.88125 0.1703125 0.2359375
0 0.5765625 0.878125 0.1609375 0.2421875
0 0.446875 0.86875 0.15625 0.259375
0 0.31875 0.8640625 0.171875 0.265625
0 0.1859375 0.840625 0.184375 0.3078125
0 0.08515625 0.821875 0.1703125 0.321875
0 0.040625 0.80546875 0.08125 0.3421875
0 0.8890625 0.45390625 0.109375 0.1890625
0 0.7875 0.4578125 0.121875 0.184375
0 0.68671875 0.453125 0.1328125 0.190625
0 0.60625 0.4421875 0.13125 0.1765625
0 0.50859375 0.43828125 0.1375 0.1703125
0 0.41640625 0.4265625 0.11875 0.165625
0 0.33515625 0.4171875 0.109375 0.159375
0 0.26328125 0.4109375 0.1265625 0.1578125
1 0.17890625 0.4125 0.121875 0.1515625
0 0.11875 0.4015625 0.140625 0.1609375
0 0.0484375 0.39140625 0.0953125 0.159375
0 0.896875 0.2671875 0.0859375 0.15625
0 0.915625 0.10625 0.0671875 0.1078125
0 0.84921875 0.0984375 0.065625 0.1140625
0 0.784375 0.10703125 0.0703125 0.109375
0 0.725 0.1125 0.065625 0.1171875
0 0.66328125 0.1109375 0.059375 0.121875
0 0.59921875 0.11328125 0.0796875 0.109375
0 0.54296875 0.10859375 0.053125 0.1015625
0 0.490625 0.1125 0.0625 0.1109375
0 0.43515625 0.115625 0.0625 0.103125
0 0.38125 0.1171875 0.0578125 0.0984375
0 0.32578125 0.10859375 0.065625 0.103125
0 0.271875 0.1125 0.05625 0.103125
0 0.221875 0.11015625 0.05625 0.109375
0 0.178125 0.103125 0.0546875 0.1140625
0 0.1296875 0.0953125 0.0609375 0.1140625
0 0.8171875 0.26640625 0.0875 0.1578125
0 0.7296875 0.26796875 0.08125 0.140625
0 0.64765625 0.2703125 0.084375 0.134375
0 0.5671875 0.27421875 0.08125 0.134375
0 0.50078125 0.26796875 0.0859375 0.134375
0 0.43046875 0.2703125 0.09375 0.125
0 0.3609375 0.26484375 0.090625 0.13125
0 0.29765625 0.2671875 0.0859375 0.1421875
0 0.228125 0.2546875 0.1078125 0.1453125
0 0.16171875 0.26015625 0.0890625 0.14375
0 0.10390625 0.253125 0.084375 0.140625
0 0.0484375 0.25390625 0.090625 0.1375
0 0.0125 0.2484375 0.0171875 0.13125
0 0.75390625 0.034375 0.075 0.0609375
0 0.69921875 0.0328125 0.0609375 0.0609375
0 0.64296875 0.03046875 0.0578125 0.05625
0 0.58984375 0.0328125 0.0640625 0.0640625
0 0.53984375 0.0359375 0.0625 0.0703125
0 0.49453125 0.0359375 0.0625 0.0703125
0 0.44375 0.0375 0.065625 0.075
0 0.390625 0.0359375 0.0546875 0.0703125
0 0.3453125 0.03671875 0.059375 0.0734375
0 0.3 0.0359375 0.075 0.0703125
0 0.25234375 0.03828125 0.0546875 0.0765625
0 0.20234375 0.03671875 0.0625 0.0734375
0 0.0171875 0.07734375 0.0203125 0.040625
0 0.04140625 0.06171875 0.0671875 0.03125
0 0.06328125 0.03984375 0.071875 0.0359375
0 0.0828125 0.021875 0.071875 0.0359375
0 0.125 0.00859375 0.0625 0.0171875