1 0.7859375 0.81953125 0.1640625 0.2046875
0 0.64921875 0.81171875 0.125 0.184375
0 0.91640625 0.80390625 0.1265625 0.1953125
0 0.521875 0.80546875 0.1296875 0.2125
0 0.38828125 0.79921875 0.1265625 0.1953125
0 0.2640625 0.78828125 0.125 0.1890625
0 0.1328125 0.7703125 0.125 0.184375
0 0.05234375 0.73828125 0.1046875 0.1890625
0 0.18828125 0.9359375 0.18125 0.1265625
0 0.05546875 0.93671875 0.1109375 0.125
0 0.7234375 0.5671875 0.084375 0.0984375
0 0.63125 0.56328125 0.0859375 0.0890625
0 0.54921875 0.5578125 0.0875 0.0890625
1 0.4625 0.5578125 0.0921875 0.0890625
1 0.8015625 0.56328125 0.084375 0.1015625
1 0.884375 0.56796875 0.09375 0.0953125
0 0.9625 0.56015625 0.0703125 0.0953125
0 0.37734375 0.5578125 0.0921875 0.1015625
0 0.2953125 0.55546875 0.0828125 0.078125
0 0.22265625 0.54765625 0.0859375 0.0859375
0 0.14296875 0.53828125 0.0953125 0.0828125
0 0.06171875 0.53125 0.103125 0.0859375
0 0.9234375 0.4734375 0.071875 0.0953125
1 0.8390625 0.48828125 0.0828125 0.0984375
0 0.76484375 0.4828125 0.078125 0.0859375
1 0.69453125 0.48125 0.0796875 0.0859375
0 0.6203125 0.47109375 0.0703125 0.0796875
1 0.5515625 0.4671875 0.078125 0.0859375
0 0.478125 0.4578125 0.078125 0.1171875
0 0.40859375 0.45390625 0.0828125 0.1078125
1 0.94765625 0.4 0.0578125 0.0734375
1 0.89140625 0.39765625 0.0703125 0.0640625
0 0.83828125 0.384375 0.078125 0.078125
1 0.7828125 0.3921875 0.075 0.0859375
0 0.728125 0.38984375 0.071875 0.0859375
1 0.6734375 0.3921875 0.0640625 0.078125
0 0.615625 0.3859375 0.05625 0.0703125
0 0.5640625 0.38828125 0.0484375 0.0671875
0 0.50859375 0.38359375 0.05 0.05
1 0.45859375 0.3921875 0.0484375 0.0421875
0 0.4046875 0.3875 0.05625 0.0625
1 0.3484375 0.38984375 0.0609375 0.0640625
0 0.3 0.3859375 0.0671875 0.0703125
1 0.240625 0.396875 0.065625 0.0671875
0 0.19453125 0.3859375 0.0484375 0.0609375
0 0.90546875 0.34375 0.059375 0.0609375
0 0.76484375 0.3359375 0.046875 0.0671875
1 0.8484375 0.353125 0.0484375 0.0578125
1 0.80390625 0.3625 0.040625 0.05
1 0.61875 0.3453125 0.046875 0.03125
1 0.56953125 0.3453125 0.046875 0.0265625
1 0.521875 0.346875 0.04375 0.0234375
1 0.4703125 0.35703125 0.040625 0.0296875
0 0.42890625 0.34375 0.0359375 0.05
1 0.38203125 0.346875 0.0484375 0.034375
1 0.3234375 0.3484375 0.04375 0.03125
1 0.28203125 0.3484375 0.046875 0.0265625
0 0.2390625 0.3390625 0.0390625 0.0296875
1 0.321875 0.29296875 0.03125 0.021875
1 0.2984375 0.3171875 0.034375 0.021875
1 0.3421875 0.315625 0.0453125 0.01875
1 0.35703125 0.28984375 0.040625 0.0265625
1 0.3765625 0.315625 0.0390625 0.01875
1 0.39140625 0.29375 0.034375 0.0234375
1 0.41640625 0.31875 0.040625 0.021875
1 0.42890625 0.2984375 0.0328125 0.021875
1 0.4515625 0.31875 0.0359375 0.021875
1 0.4625 0.3015625 0.040625 0.0234375
1 0.4953125 0.3203125 0.040625 0.0234375
1 0.53046875 0.321875 0.034375 0.021875
1 0.56875 0.31875 0.040625 0.021875
1 0.50078125 0.29921875 0.034375 0.0234375
1 0.534375 0.2984375 0.0375 0.021875
1 0.57265625 0.296875 0.040625 0.0234375
1 0.6109375 0.3203125 0.040625 0.0234375
1 0.64921875 0.32578125 0.0453125 0.0296875
1 0.68828125 0.3234375 0.0375 0.0234375
1 0.728125 0.325 0.040625 0.03125
1 0.60859375 0.30078125 0.03125 0.0265625
1 0.64609375 0.303125 0.0328125 0.0265625
1 0.67890625 0.3015625 0.034375 0.0234375
1 0.7140625 0.303125 0.0390625 0.0265625
1 0.75078125 0.303125 0.0390625 0.0265625
1 0.7921875 0.325 0.04375 0.021875
1 0.84375 0.33515625 0.0453125 0.0265625
1 0.7875 0.3078125 0.040625 0.034375
1 0.83046875 0.309375 0.040625 0.0390625
1 0.41953125 0.271875 0.034375 0.0109375
1 0.4515625 0.27421875 0.0359375 0.015625
1 0.4515625 0.26171875 0.03125 0.015625
1 0.4796875 0.278125 0.0375 0.01875
1 0.4828125 0.2640625 0.0375 0.015625
1 0.5109375 0.278125 0.034375 0.0234375
1 0.5140625 0.2625 0.0375 0.01875
1 0.5421875 0.278125 0.03125 0.01875
1 0.54609375 0.2640625 0.03125 0.021875
1 0.5734375 0.28515625 0.0359375 0.021875
1 0.575 0.26796875 0.034375 0.01875
1 0.60625 0.278125 0.03125 0.01875
1 0.60390625 0.26484375 0.03125 0.01875
1 0.63359375 0.2796875 0.03125 0.021875
1 0.6328125 0.26484375 0.0328125 0.01875
1 0.72734375 0.27734375 0.03125 0.015625
1 0.75625 0.2796875 0.03125 0.015625
1 0.7875 0.28125 0.034375 0.0234375
1 0.81796875 0.278125 0.025 0.01875
1 0.7140625 0.26796875 0.028125 0.0234375
1 0.746875 0.26796875 0.03125 0.0234375
1 0.78046875 0.2703125 0.0265625 0.0234375