0 0.24609375 0.7515625 0.228125 0.20625
0 0.2328125 0.92578125 0.225 0.121875
0 0.0578125 0.9125 0.115625 0.109375
0 0.06875 0.73359375 0.1375 0.2171875
0 0.07421875 0.54921875 0.1484375 0.1546875
0 0.26484375 0.55859375 0.2078125 0.146875
0 0.2828125 0.40546875 0.2203125 0.153125
0 0.08515625 0.38828125 0.165625 0.15
0 0.1 0.23125 0.16875 0.1578125
0 0.11171875 0.0765625 0.1640625 0.153125
0 0.3109375 0.084375 0.2328125 0.1609375
0 0.29375 0.253125 0.2296875 0.175
0 0.72265625 0.91875 0.2171875 0.1625
0 0.73125 0.7640625 0.2140625 0.1625
0 0.7484375 0.6 0.2234375 0.159375
0 0.75703125 0.44296875 0.2234375 0.1609375
0 0.76796875 0.29453125 0.2171875 0.1703125
0 0.78359375 0.1359375 0.2296875 0.1765625
0 0.94375 0.1453125 0.1125 0.14375
0 0.9359375 0.30703125 0.128125 0.1671875
0 0.928125 0.47109375 0.14375 0.1765625
0 0.92421875 0.61875 0.1453125 0.1484375
0 0.91015625 0.7734375 0.146875 0.1671875
0 0.89609375 0.92734375 0.1453125 0.1453125