1 0.6734375 0.86796875 0.1703125 0.25
0 0.83671875 0.85 0.1734375 0.2625
0 0.95625 0.840625 0.0859375 0.259375
0 0.98515625 0.55859375 0.028125 0.2671875
0 0.90625 0.5625 0.1859375 0.296875
0 0.78125 0.56875 0.1578125 0.290625
0 0.63828125 0.56875 0.184375 0.325
0 0.50625 0.5734375 0.15625 0.3359375
0 0.3578125 0.58828125 0.15625 0.3265625
0 0.5140625 0.8703125 0.1796875 0.2578125
0 0.35 0.8734375 0.196875 0.2515625
0 0.18671875 0.8765625 0.2015625 0.2453125
0 0.21796875 0.603125 0.14375 0.3046875
0 0.084375 0.5890625 0.16875 0.3515625
0 0.078125 0.18828125 0.1296875 0.19375
0 0.025 0.18828125 0.05 0.2265625
0 0.184375 0.184375 0.0984375 0.2078125
0 0.28125 0.17421875 0.096875 0.16875
0 0.3796875 0.1703125 0.121875 0.1765625
0 0.46953125 0.16953125 0.1171875 0.18125
0 0.56328125 0.1671875 0.115625 0.2078125
0 0.6625 0.153125 0.1234375 0.1875
0 0.753125 0.128125 0.121875 0.2015625
0 0.840625 0.125 0.11875 0.2015625
0 0.9296875 0.1234375 0.1015625 0.19375
0 0.54609375 0.04609375 0.09375 0.0921875
0 0.46484375 0.0515625 0.09375 0.103125
0 0.3875 0.0578125 0.1015625 0.109375
0 0.30390625 0.0609375 0.096875 0.1015625
1 0.63203125 0.040625 0.09375 0.08125
0 0.8015625 0.03984375 0.0890625 0.0796875