1 0.846875 0.571875 0.21875 0.2125
0 0.77734375 0.73515625 0.2203125 0.253125
0 0.59453125 0.615625 0.171875 0.2328125
0 0.7125 0.49375 0.190625 0.1890625
0 0.58515625 0.39140625 0.2015625 0.165625
0 0.4484375 0.521875 0.2203125 0.2171875
0 0.33125 0.42421875 0.165625 0.16875
0 0.45625 0.3234375 0.1578125 0.153125
0 0.36875 0.2625 0.165625 0.1625
0 0.23125 0.375 0.1875 0.196875
0 0.11015625 0.31171875 0.1875 0.184375
0 0.26875 0.2390625 0.1390625 0.134375
0 0.178125 0.16640625 0.1546875 0.125
0 0.1296875 0.1328125 0.146875 0.153125
0 0.9375 0.3734375 0.1234375 0.15
0 0.8234375 0.3078125 0.153125 0.1421875
0 0.72890625 0.23515625 0.1296875 0.1265625
0 0.6359375 0.1984375 0.128125 0.1203125
0 0.54921875 0.15 0.1375 0.1171875
0 0.47578125 0.1109375 0.11875 0.1109375
0 0.39921875 0.07578125 0.140625 0.1234375
0 0.32109375 0.0484375 0.128125 0.096875
0 0.2484375 0.0375 0.1453125 0.075
0 0.17578125 0.021875 0.1171875 0.04375
0 0.96796875 0.30390625 0.0625 0.109375
0 0.896875 0.2328125 0.15 0.1171875
0 0.78125 0.178125 0.140625 0.1171875
0 0.69609375 0.134375 0.109375 0.10625
0 0.6109375 0.09765625 0.115625 0.1203125
0 0.54140625 0.059375 0.1265625 0.11875
0 0.4703125 0.0359375 0.140625 0.071875
0 0.3609375 0.01640625 0.1046875 0.0328125
0 0.978125 0.1203125 0.0421875 0.065625
0 0.94921875 0.13671875 0.1 0.1078125
0 0.92890625 0.0921875 0.0796875 0.0390625
0 0.86015625 0.10546875 0.109375 0.096875
0 0.796875 0.08515625 0.1171875 0.0859375
0 0.71328125 0.0609375 0.10625 0.071875
0 0.646875 0.0359375 0.09375 0.0484375
1 0.8625 0.0765625 0.071875 0.0359375