0 0.93671875 0.42421875 0.1265625 0.2015625
1 0.88984375 0.39921875 0.1265625 0.2
0 0.65078125 0.91171875 0.1328125 0.1765625
0 0.58828125 0.8984375 0.1328125 0.203125
1 0.71484375 0.746875 0.1265625 0.19375
1 0.66484375 0.71953125 0.1234375 0.1859375
1 0.83984375 0.3796875 0.109375 0.1640625
1 0.78984375 0.36015625 0.1109375 0.16875
1 0.5375 0.88046875 0.14375 0.225
0 0.6109375 0.70390625 0.1265625 0.19375
0 0.55859375 0.67109375 0.125 0.1890625
0 0.48203125 0.85390625 0.128125 0.2078125
0 0.740625 0.33828125 0.1125 0.1703125
0 0.6921875 0.315625 0.1171875 0.184375
0 0.63984375 0.2984375 0.128125 0.1984375
1 0.50546875 0.65390625 0.121875 0.190625
1 0.42734375 0.8328125 0.1390625 0.2203125
1 0.4515625 0.6328125 0.13125 0.20625
1 0.3734375 0.81015625 0.134375 0.2125
1 0.3203125 0.7828125 0.13125 0.2125
1 0.2640625 0.75859375 0.134375 0.2125
1 0.58984375 0.278125 0.1203125 0.190625
1 0.54453125 0.25234375 0.1203125 0.1765625
1 0.4953125 0.23046875 0.1171875 0.175
0 0.40078125 0.609375 0.1265625 0.2
0 0.2078125 0.7328125 0.121875 0.209375
1 0.3453125 0.5875 0.121875 0.1921875
0 0.44609375 0.203125 0.1 0.1625
0 0.396875 0.17890625 0.1109375 0.165625
0 0.28984375 0.5640625 0.11875 0.1984375
1 0.24140625 0.54140625 0.128125 0.209375
1 0.15703125 0.71796875 0.134375 0.2046875
1 0.1875 0.51328125 0.125 0.20625
1 0.13515625 0.4921875 0.11875 0.196875
1 0.08125 0.47421875 0.1265625 0.2140625
1 0.34375 0.17421875 0.10625 0.171875
1 0.24375 0.13125 0.115625 0.1796875
1 0.14375 0.08828125 0.103125 0.1703125
0 0.0953125 0.6953125 0.1359375 0.2125
0 0.05625 0.66640625 0.1125 0.2078125
0 0.04609375 0.4546875 0.0921875 0.209375
0 0.30078125 0.14609375 0.115625 0.1765625
0 0.19296875 0.10703125 0.1078125 0.171875
1 0.02890625 0.65390625 0.0578125 0.2015625
1 0.0234375 0.434375 0.046875 0.2