0 0.8078125 0.9203125 0.25 0.159375
0 0.6421875 0.93359375 0.25625 0.1328125
0 0.38828125 0.70546875 0.2328125 0.2625
0 0.071875 0.82578125 0.14375 0.1984375
1 0.1921875 0.81171875 0.196875 0.209375
1 0.559375 0.66875 0.228125 0.2671875
1 0.71640625 0.6265625 0.2125 0.2765625
0 0.8828125 0.5484375 0.1890625 0.2578125
0 0.9453125 0.33515625 0.109375 0.2171875
0 0.0796875 0.6171875 0.159375 0.196875
1 0.22265625 0.58828125 0.165625 0.184375
1 0.365625 0.54375 0.18125 0.16875
1 0.521875 0.5015625 0.19375 0.1953125
1 0.678125 0.45703125 0.2046875 0.190625
1 0.81015625 0.42109375 0.1828125 0.1828125
1 0.853125 0.18046875 0.128125 0.1328125
1 0.6 0.2671875 0.1328125 0.134375
0 0.728125 0.19453125 0.1546875 0.1453125
0 0.94765625 0.11328125 0.1046875 0.1453125
0 0.3671875 0.309375 0.1671875 0.15625
1 0.47421875 0.3109375 0.1640625 0.178125
1 0.234375 0.38828125 0.153125 0.2015625
1 0.09921875 0.4171875 0.140625 0.2046875
1 0.02265625 0.47265625 0.0453125 0.1765625
1 0.04296875 0.33984375 0.06875 0.11875
0 0.121875 0.28203125 0.1296875 0.1203125
0 0.240625 0.259375 0.1359375 0.1171875
1 0.3453125 0.2265625 0.121875 0.1046875
0 0.46875 0.18984375 0.14375 0.1390625
0 0.596875 0.1515625 0.1375 0.13125
0 0.7125 0.08984375 0.146875 0.1171875
0 0.8046875 0.07578125 0.1421875 0.10625
0 0.240625 0.12734375 0.1140625 0.165625
1 0.1453125 0.1703125 0.11875 0.1140625
1 0.0578125 0.1953125 0.065625 0.1046875
1 0.3453125 0.10078125 0.11875 0.159375
0 0.45390625 0.0640625 0.1234375 0.128125
0 0.54921875 0.03828125 0.1109375 0.0765625
0 0.640625 0.03046875 0.1078125 0.046875
0 0.159375 0.06796875 0.0984375 0.13125
0 0.2625 0.0484375 0.109375 0.096875
0 0.340625 0.03828125 0.121875 0.0765625
1 0.0921875 0.0328125 0.0875 0.065625