0 0.1 0.86875 0.096875 0.2015625
0 0.17265625 0.88359375 0.2 0.2328125
0 0.2921875 0.89140625 0.2109375 0.215625
0 0.4125 0.88671875 0.1890625 0.20625
0 0.5265625 0.890625 0.2015625 0.2125
0 0.6578125 0.88515625 0.20625 0.2125
0 0.7671875 0.86796875 0.209375 0.196875
0 0.890625 0.85859375 0.2078125 0.1625
0 0.953125 0.84609375 0.09375 0.1359375
1 0.93125 0.7296875 0.1375 0.2125
0 0.865625 0.72734375 0.1890625 0.2109375
0 0.75390625 0.72421875 0.18125 0.19375
0 0.64375 0.72109375 0.1859375 0.2078125
1 0.52890625 0.7203125 0.196875 0.2125
0 0.4140625 0.725 0.1921875 0.2171875
1 0.2984375 0.73359375 0.178125 0.196875
0 0.19296875 0.7125 0.16875 0.190625
0 0.09453125 0.71640625 0.15 0.196875
0 0.05234375 0.4234375 0.1046875 0.178125
0 0.1234375 0.4296875 0.1546875 0.16875
0 0.22578125 0.428125 0.1640625 0.1703125
0 0.3234375 0.4265625 0.1609375 0.16875
0 0.425 0.43671875 0.165625 0.1796875
0 0.51875 0.434375 0.1578125 0.165625
0 0.6140625 0.43515625 0.1546875 0.1578125
0 0.7140625 0.4375 0.1609375 0.16875
0 0.809375 0.440625 0.1703125 0.171875
0 0.90625 0.440625 0.175 0.1734375
1 0.959375 0.4515625 0.08125 0.146875
0 0.07421875 0.165625 0.1390625 0.14375
0 0.1625 0.16640625 0.15625 0.1640625
0 0.24453125 0.1703125 0.14375 0.1515625
0 0.33203125 0.15859375 0.1390625 0.1546875
0 0.41796875 0.16796875 0.1421875 0.153125
0 0.49296875 0.16484375 0.1375 0.15
0 0.57890625 0.1703125 0.1421875 0.1546875
0 0.6703125 0.16640625 0.14375 0.1546875
0 0.7484375 0.178125 0.1359375 0.1515625
0 0.8296875 0.16171875 0.153125 0.1671875
0 0.8953125 0.16875 0.1109375 0.15625