0 0.17890625 0.8125 0.2796875 0.2734375
0 0.3703125 0.78515625 0.2703125 0.2890625
0 0.53125 0.75078125 0.2796875 0.290625
1 0.6921875 0.73046875 0.2328125 0.2875
0 0.87890625 0.70234375 0.2328125 0.265625
0 0.87109375 0.890625 0.2171875 0.21875
1 0.71640625 0.92578125 0.2015625 0.1484375
0 0.078125 0.44609375 0.15625 0.2453125
1 0.51640625 0.93125 0.2109375 0.1375
0 0.31953125 0.93046875 0.225 0.1296875
0 0.20859375 0.425 0.2203125 0.2421875
0 0.3671875 0.39453125 0.23125 0.215625
0 0.5234375 0.38203125 0.23125 0.2046875
0 0.68046875 0.3625 0.190625 0.184375
0 0.85078125 0.33828125 0.221875 0.2015625
0 0.94375 0.31484375 0.1125 0.1953125
1 0.3125 0.0359375 0.1625 0.071875
0 0.14375 0.04765625 0.1625 0.0953125