0 0.303125 0.2953125 0.18125 0.1453125
0 0.30625 0.4234375 0.1984375 0.1734375
0 0.315625 0.54296875 0.2046875 0.184375
0 0.3203125 0.671875 0.2109375 0.19375
0 0.32265625 0.80078125 0.196875 0.1765625
1 0.334375 0.9234375 0.209375 0.153125
0 0.55390625 0.290625 0.1890625 0.1328125
0 0.56484375 0.396875 0.1828125 0.1421875
0 0.575 0.52734375 0.190625 0.171875
0 0.60703125 0.79296875 0.2046875 0.1546875
0 0.62578125 0.92265625 0.2015625 0.153125
0 0.7953125 0.90078125 0.184375 0.1359375
0 0.78515625 0.76484375 0.2046875 0.1703125
0 0.7625 0.63125 0.2 0.153125
0 0.746875 0.4984375 0.1921875 0.1375
1 0.72890625 0.39375 0.178125 0.1421875
1 0.5859375 0.6515625 0.2046875 0.1671875
1 0.71640625 0.27734375 0.18125 0.1375