1 0.05234375 0.75625 0.1046875 0.2046875
1 0.17109375 0.73828125 0.0984375 0.221875
1 0.2984375 0.70625 0.09375 0.2234375
1 0.41484375 0.678125 0.1140625 0.215625
1 0.53671875 0.6421875 0.11875 0.2203125
1 0.64921875 0.60234375 0.1234375 0.228125
1 0.7625 0.60078125 0.115625 0.2359375
0 0.8734375 0.553125 0.125 0.2234375
1 0.2203125 0.91484375 0.146875 0.16875
0 0.346875 0.8921875 0.1484375 0.2
0 0.46328125 0.8734375 0.1453125 0.234375
0 0.584375 0.853125 0.125 0.2640625
1 0.7140625 0.8375 0.146875 0.2453125
1 0.83203125 0.79765625 0.1484375 0.2359375
1 0.940625 0.76171875 0.109375 0.2265625
0 0.85859375 0.15 0.1171875 0.2078125
1 0.95390625 0.1265625 0.0875 0.18125
1 0.74921875 0.18046875 0.1328125 0.196875
0 0.63984375 0.2 0.1328125 0.221875
1 0.534375 0.23125 0.1359375 0.2078125
1 0.43125 0.2609375 0.140625 0.1921875
1 0.3125 0.284375 0.1453125 0.1859375
0 0.2015625 0.3078125 0.134375 0.215625
1 0.08203125 0.33515625 0.15625 0.221875
1 0.0578125 0.146875 0.115625 0.184375
1 0.16015625 0.1265625 0.1109375 0.1921875
1 0.2671875 0.10703125 0.125 0.196875
0 0.3828125 0.0890625 0.11875 0.178125