1 0.04375 0.56875 0.0875 0.246875
0 0.13203125 0.58359375 0.16875 0.2578125
1 0.2921875 0.63046875 0.184375 0.2296875
0 0.44375 0.64140625 0.2 0.2375
1 0.5875 0.68046875 0.1953125 0.24375
1 0.7375 0.70625 0.2234375 0.2609375
1 0.88359375 0.72734375 0.2109375 0.259375
0 0.9375 0.54375 0.125 0.18125
0 0.82890625 0.53203125 0.1703125 0.1671875
0 0.7 0.50859375 0.1765625 0.1734375
1 0.58359375 0.490625 0.1875 0.1734375
0 0.46640625 0.45703125 0.171875 0.1796875
0 0.36328125 0.43203125 0.146875 0.184375
1 0.2453125 0.421875 0.1875 0.178125
0 0.11640625 0.38671875 0.1734375 0.190625
0 0.0390625 0.39609375 0.078125 0.2015625
0 0.8125 0.34609375 0.1234375 0.128125
0 0.72578125 0.32734375 0.10625 0.11875
0 0.64140625 0.31484375 0.096875 0.115625
0 0.5609375 0.30234375 0.090625 0.109375
0 0.49140625 0.29140625 0.1015625 0.1015625
1 0.41171875 0.28125 0.10625 0.10625
0 0.340625 0.2625 0.096875 0.115625
0 0.26640625 0.2625 0.1078125 0.1078125
1 0.18046875 0.24921875 0.1046875 0.1015625
0 0.11328125 0.21953125 0.1140625 0.115625
1 0.0578125 0.21953125 0.0671875 0.1171875