1 0.82109375 0.31640625 0.121875 0.4296875
1 0.76640625 0.33828125 0.11875 0.4234375
1 0.65078125 0.7578125 0.1234375 0.4609375
1 0.54921875 0.74765625 0.121875 0.4484375
1 0.6203125 0.2984375 0.10625 0.415625
1 0.571875 0.27734375 0.121875 0.4296875
1 0.49296875 0.7546875 0.1234375 0.490625
1 0.44765625 0.734375 0.121875 0.465625
1 0.4 0.71796875 0.134375 0.4875
1 0.47109375 0.26875 0.115625 0.4171875
1 0.36875 0.28203125 0.109375 0.4078125
1 0.2921875 0.7203125 0.1234375 0.4609375
0 0.23828125 0.70546875 0.13125 0.4765625
1 0.31640625 0.26953125 0.1203125 0.4546875
1 0.26484375 0.2421875 0.103125 0.3890625
1 0.21875 0.2484375 0.1 0.3890625
1 0.13984375 0.70234375 0.121875 0.4484375
1 0.121875 0.2296875 0.115625 0.434375
1 0.05078125 0.690625 0.1015625 0.48125
1 0.02578125 0.68203125 0.0515625 0.4796875
0 0.075 0.21171875 0.1171875 0.4171875
0 0.1671875 0.23984375 0.1125 0.428125
0 0.09140625 0.671875 0.1171875 0.465625
0 0.19609375 0.69453125 0.11875 0.465625
0 0.42265625 0.25859375 0.1265625 0.475
0 0.34453125 0.728125 0.1125 0.446875
0 0.5140625 0.27265625 0.1078125 0.396875
0 0.7171875 0.3171875 0.11875 0.4234375
0 0.6671875 0.32265625 0.1203125 0.459375
0 0.7609375 0.771875 0.128125 0.4546875
0 0.70390625 0.75 0.1125 0.453125
0 0.5984375 0.746875 0.1078125 0.4265625