0 0.07421875 0.8453125 0.1484375 0.15
0 0.15078125 0.84140625 0.21875 0.2078125
1 0.253125 0.8265625 0.23125 0.25625
0 0.3546875 0.7796875 0.209375 0.228125
0 0.43046875 0.72578125 0.203125 0.2078125
0 0.52109375 0.6890625 0.2234375 0.2390625
1 0.603125 0.6578125 0.190625 0.2203125
1 0.634375 0.87734375 0.21875 0.240625
1 0.46171875 0.9171875 0.2015625 0.165625
0 0.54765625 0.8875 0.2359375 0.225
0 0.34609375 0.9453125 0.1640625 0.096875
0 0.71875 0.82109375 0.1984375 0.2171875
0 0.79765625 0.78125 0.2015625 0.2359375
0 0.8625 0.7453125 0.1859375 0.2171875
0 0.90546875 0.69765625 0.15625 0.2
0 0.9375 0.65625 0.1140625 0.1890625
0 0.6640625 0.62421875 0.2109375 0.23125
0 0.72734375 0.5984375 0.2 0.2125
1 0.790625 0.578125 0.1875 0.19375
0 0.8421875 0.53125 0.1796875 0.1796875
0 0.89921875 0.515625 0.1796875 0.184375
0 0.92734375 0.4921875 0.1453125 0.16875
0 0.94765625 0.453125 0.1046875 0.16875
0 0.03828125 0.5171875 0.0765625 0.153125
0 0.09375 0.48984375 0.1375 0.1578125
0 0.1796875 0.4640625 0.1578125 0.159375
0 0.24375 0.43828125 0.1578125 0.1609375
1 0.321875 0.43359375 0.15 0.175
1 0.38984375 0.4078125 0.1453125 0.1609375
0 0.45703125 0.38203125 0.15625 0.1609375
0 0.5140625 0.36484375 0.1515625 0.159375
0 0.575 0.35859375 0.1515625 0.1703125
0 0.63125 0.34453125 0.1546875 0.15
1 0.684375 0.3390625 0.140625 0.1484375
0 0.72890625 0.31015625 0.146875 0.1421875
0 0.77265625 0.303125 0.128125 0.1375
0 0.825 0.29921875 0.1359375 0.1453125
0 0.86640625 0.2765625 0.1390625 0.1515625
0 0.90390625 0.26171875 0.1171875 0.121875
0 0.94140625 0.26171875 0.1171875 0.1328125
0 0.953125 0.25078125 0.09375 0.1484375
0 0.96875 0.2421875 0.0625 0.14375
0 0.021875 0.37421875 0.04375 0.1515625
0 0.06953125 0.3453125 0.1234375 0.16875
0 0.128125 0.31640625 0.1515625 0.16875
0 0.2 0.3015625 0.1453125 0.1578125
0 0.25390625 0.29609375 0.1390625 0.14375
0 0.32265625 0.28125 0.125 0.13125
0 0.38125 0.26484375 0.125 0.1375
0 0.4359375 0.25078125 0.128125 0.1375
0 0.49140625 0.24453125 0.128125 0.125
1 0.5390625 0.2296875 0.128125 0.13125
0 0.58671875 0.21875 0.125 0.125
0 0.63359375 0.2109375 0.1140625 0.1171875
0 0.6796875 0.20546875 0.1234375 0.128125
0 0.7234375 0.1890625 0.13125 0.1359375
0 0.76484375 0.1796875 0.125 0.1359375
0 0.80546875 0.175 0.109375 0.1109375
0 0.8359375 0.1640625 0.1171875 0.115625
0 0.87578125 0.14921875 0.1203125 0.1234375
0 0.90390625 0.1578125 0.1171875 0.109375
0 0.07734375 0.1796875 0.05625 0.134375
0 0.1125 0.16640625 0.1125 0.13125
1 0.16015625 0.16640625 0.1078125 0.1265625
1 0.21328125 0.14375 0.1109375 0.125
0 0.2703125 0.13046875 0.10625 0.1234375
0 0.31875 0.1203125 0.109375 0.1265625
0 0.36484375 0.11796875 0.109375 0.1203125
0 0.4125 0.11015625 0.1015625 0.1109375
0 0.46328125 0.1078125 0.0953125 0.103125
0 0.5 0.10234375 0.0984375 0.1109375
0 0.5390625 0.08828125 0.1015625 0.1109375
1 0.5796875 0.08828125 0.1 0.10625
0 0.621875 0.0828125 0.1078125 0.1125
0 0.65390625 0.06796875 0.1046875 0.10625
0 0.69453125 0.07421875 0.090625 0.0953125
0 0.72578125 0.0734375 0.0875 0.078125
0 0.7703125 0.0796875 0.1 0.0734375
0 0.09296875 0.1 0.0421875 0.1046875
0 0.1234375 0.08671875 0.090625 0.1140625
0 0.17265625 0.0859375 0.0953125 0.109375
0 0.23203125 0.0765625 0.09375 0.1140625
0 0.2671875 0.06484375 0.0875 0.09375
0 0.31640625 0.0609375 0.0890625 0.096875
0 0.36171875 0.0484375 0.0953125 0.096875
0 0.4015625 0.046875 0.084375 0.090625
0 0.44140625 0.046875 0.0890625 0.09375
0 0.4796875 0.03828125 0.08125 0.0765625
0 0.52734375 0.0390625 0.0890625 0.078125
0 0.56171875 0.03828125 0.0859375 0.0765625
0 0.59609375 0.0359375 0.08125 0.06875
0 0.61953125 0.03359375 0.08125 0.0546875
0 0.66171875 0.03671875 0.065625 0.0375
0 0.12421875 0.02109375 0.0484375 0.0421875
0 0.14375 0.0140625 0.075 0.028125
0 0.18203125 0.01796875 0.0859375 0.0359375
1 0.2296875 0.01484375 0.084375 0.0296875
0 0.26328125 0.0140625 0.0859375 0.028125
0 0.30625 0.0109375 0.078125 0.021875
0 0.353125 0.01015625 0.075 0.0203125
1 0.38828125 0.01015625 0.0734375 0.0203125
0 0.990625 0.1390625 0.01875 0.0625
0 0.97109375 0.12421875 0.0578125 0.0546875
0 0.9421875 0.11484375 0.08125 0.05625
0 0.909375 0.09765625 0.075 0.0390625
0 0.8765625 0.08671875 0.06875 0.03125