0 0.74921875 0.790625 0.1421875 0.2734375
0 0.634375 0.78515625 0.15 0.2515625
0 0.52890625 0.778125 0.159375 0.275
0 0.425 0.78984375 0.1640625 0.2671875
0 0.32109375 0.80703125 0.1796875 0.2703125
0 0.23125 0.796875 0.1609375 0.2484375
0 0.1453125 0.81328125 0.175 0.265625
0 0.08984375 0.78046875 0.1328125 0.2515625
0 0.68671875 0.4078125 0.1171875 0.178125
0 0.61484375 0.4125 0.10625 0.171875
0 0.5484375 0.4234375 0.109375 0.184375
0 0.471875 0.4421875 0.1140625 0.16875
0 0.4015625 0.45703125 0.1109375 0.1703125
0 0.3390625 0.465625 0.1109375 0.1671875
0 0.2796875 0.4703125 0.1015625 0.1640625
0 0.2171875 0.47734375 0.109375 0.1703125
1 0.15859375 0.4875 0.1046875 0.165625
0 0.103125 0.4859375 0.1234375 0.178125
0 0.053125 0.4875 0.10625 0.1640625
0 0.66484375 0.26875 0.0859375 0.1234375
0 0.59296875 0.26875 0.090625 0.125
0 0.5296875 0.278125 0.0765625 0.11875
0 0.484375 0.29453125 0.0859375 0.1265625
0 0.43203125 0.3078125 0.0828125 0.1265625
0 0.38046875 0.32109375 0.090625 0.11875
0 0.321875 0.334375 0.090625 0.121875
0 0.2734375 0.3421875 0.0984375 0.121875
0 0.22421875 0.35 0.078125 0.1140625
0 0.178125 0.35 0.09375 0.125
0 0.1296875 0.35859375 0.1109375 0.1328125
0 0.0875 0.3609375 0.0859375 0.1203125
0 0.0421875 0.3671875 0.084375 0.1265625
0 0.01875 0.384375 0.0375 0.1296875
0 0.6515625 0.12578125 0.0734375 0.103125
0 0.6015625 0.14140625 0.0671875 0.0921875
0 0.55390625 0.14921875 0.0703125 0.1
0 0.509375 0.15625 0.078125 0.0953125
0 0.4640625 0.1734375 0.0703125 0.0828125
0 0.42265625 0.184375 0.0734375 0.0984375
0 0.378125 0.18984375 0.075 0.103125
0 0.3359375 0.2078125 0.0609375 0.0734375
0 0.2984375 0.2171875 0.0609375 0.0828125
0 0.25625 0.22734375 0.075 0.09375
0 0.2171875 0.23359375 0.0609375 0.06875
0 0.175 0.24140625 0.0609375 0.0828125
0 0.13515625 0.2515625 0.059375 0.0734375
0 0.10625 0.25703125 0.0515625 0.0703125
0 0.06953125 0.26015625 0.05625 0.0703125
0 0.525 0.1 0.0625 0.08125
0 0.478125 0.103125 0.059375 0.08125
0 0.4390625 0.11953125 0.071875 0.09375
0 0.3984375 0.1203125 0.0703125 0.0859375
0 0.36015625 0.134375 0.0609375 0.0765625
0 0.32890625 0.14609375 0.0625 0.08125
0 0.28828125 0.15390625 0.0625 0.078125
0 0.2546875 0.1703125 0.059375 0.06875
0 0.2234375 0.171875 0.0625 0.08125
0 0.1828125 0.18203125 0.0765625 0.084375
0 0.15078125 0.1828125 0.0609375 0.0765625
0 0.1078125 0.19375 0.071875 0.0765625
1 0.76953125 0.025 0.0828125 0.05
1 0.809375 0.021875 0.08125 0.04375
0 0.84609375 0.021875 0.0828125 0.04375
0 0.884375 0.02890625 0.0734375 0.0578125
0 0.7421875 0.02265625 0.090625 0.0453125
0 0.70078125 0.0171875 0.0671875 0.034375
0 0.6546875 0.02265625 0.071875 0.0453125
0 0.6171875 0.0265625 0.078125 0.053125
0 0.58359375 0.028125 0.0640625 0.05625
0 0.52265625 0.0375 0.0625 0.075
0 0.48671875 0.034375 0.0484375 0.06875
0 0.45703125 0.046875 0.059375 0.071875
0 0.4265625 0.0484375 0.0546875 0.071875
0 0.38828125 0.0625 0.0546875 0.075
0 0.359375 0.0765625 0.0625 0.08125
0 0.33203125 0.08046875 0.065625 0.0796875
0 0.29609375 0.0875 0.05 0.0625
0 0.26953125 0.09609375 0.0625 0.0703125
0 0.24453125 0.1078125 0.0625 0.075
0 0.21171875 0.1078125 0.053125 0.0640625
0 0.18203125 0.11484375 0.05625 0.0734375
0 0.15 0.12890625 0.0578125 0.06875