0 0.10078125 0.19375 0.0875 0.1890625
1 0.15546875 0.20078125 0.0859375 0.1890625
0 0.05625 0.78359375 0.090625 0.1921875
0 0.12265625 0.80078125 0.0890625 0.203125
1 0.1046875 0.59453125 0.0875 0.184375
1 0.1625 0.60078125 0.0859375 0.175
1 0.20859375 0.2125 0.078125 0.1546875
1 0.2625 0.2234375 0.0796875 0.1578125
1 0.17890625 0.809375 0.1 0.2125
0 0.21796875 0.61796875 0.0859375 0.184375
0 0.28046875 0.6203125 0.0875 0.178125
0 0.24140625 0.81953125 0.0859375 0.196875
0 0.3171875 0.23515625 0.078125 0.159375
0 0.37109375 0.24296875 0.0796875 0.1734375
0 0.4234375 0.25703125 0.0875 0.1859375
1 0.33515625 0.6375 0.0828125 0.1796875
1 0.3 0.83203125 0.09375 0.2078125
1 0.39375 0.64921875 0.0890625 0.1953125
1 0.35859375 0.84453125 0.0921875 0.2015625
1 0.41875 0.85078125 0.0875 0.203125
1 0.4796875 0.8625 0.0921875 0.2015625
1 0.47890625 0.26875 0.08125 0.18125
1 0.53203125 0.27421875 0.0859375 0.1640625
1 0.58671875 0.2828125 0.084375 0.1640625
0 0.45 0.65859375 0.0859375 0.1890625
0 0.54375 0.87265625 0.078125 0.2015625
1 0.50859375 0.67109375 0.0828125 0.1828125
0 0.64375 0.2875 0.0671875 0.15625
0 0.69921875 0.2953125 0.078125 0.15625
0 0.5703125 0.684375 0.078125 0.1890625
1 0.62421875 0.6921875 0.0859375 0.2
1 0.59453125 0.88984375 0.09375 0.1921875
1 0.6859375 0.6984375 0.084375 0.1953125
1 0.74296875 0.71015625 0.078125 0.1875
1 0.7984375 0.72734375 0.0828125 0.20625
1 0.746875 0.321875 0.0703125 0.1640625
1 0.85625 0.34296875 0.0796875 0.16875
1 0.965625 0.36328125 0.0671875 0.1640625
0 0.6609375 0.9015625 0.09375 0.1953125
0 0.71796875 0.90546875 0.0953125 0.1875
0 0.83515625 0.91875 0.10625 0.1609375
0 0.85234375 0.7375 0.0796875 0.203125
0 0.95625 0.7515625 0.0453125 0.184375
0 0.8 0.321875 0.08125 0.165625
0 0.91328125 0.35078125 0.0734375 0.1640625
0 0.9875 0.37421875 0.0234375 0.171875
1 0.7734375 0.91484375 0.0921875 0.16875
1 0.8953125 0.92109375 0.0921875 0.15625
1 0.91171875 0.74296875 0.090625 0.2046875