0 0.8765625 0.571875 0.23125 0.3296875
0 0.875 0.815625 0.2 0.36875
1 0.7859375 0.6125 0.2828125 0.3890625
1 0.8171875 0.86328125 0.265625 0.2734375
0 0.7078125 0.6984375 0.25 0.3328125
0 0.73828125 0.878125 0.2734375 0.24375
0 0.61953125 0.72890625 0.2703125 0.3671875
0 0.546875 0.79140625 0.275 0.35
1 0.45859375 0.81796875 0.2953125 0.3640625
0 0.36875 0.8515625 0.2484375 0.29375
0 0.653125 0.9234375 0.240625 0.153125
0 0.83046875 0.1671875 0.175 0.19375
0 0.89375 0.1546875 0.140625 0.11875
0 0.7578125 0.196875 0.2015625 0.26875
0 0.6921875 0.253125 0.1890625 0.259375
0 0.61640625 0.3140625 0.2171875 0.3
0 0.55546875 0.3703125 0.21875 0.30625
1 0.48359375 0.403125 0.2078125 0.2984375
1 0.41328125 0.4453125 0.2109375 0.271875
0 0.3421875 0.4921875 0.221875 0.3078125
0 0.2625 0.5359375 0.2015625 0.278125
0 0.21171875 0.57109375 0.24375 0.33125
1 0.13203125 0.6265625 0.2296875 0.3046875
1 0.071875 0.67734375 0.14375 0.2765625
1 0.03671875 0.73203125 0.0734375 0.2671875
0 0.025 0.56328125 0.05 0.3015625
0 0.05625 0.515625 0.1125 0.28125
0 0.08671875 0.46796875 0.1734375 0.3140625
0 0.15859375 0.4203125 0.1890625 0.3046875
0 0.3515625 0.29765625 0.171875 0.2921875
0 0.4125 0.25546875 0.1578125 0.271875
1 0.47890625 0.209375 0.1671875 0.30625
1 0.55625 0.1546875 0.20625 0.3046875
1 0.6046875 0.12890625 0.175 0.2515625
1 0.66953125 0.11015625 0.1515625 0.1859375
1 0.7265625 0.09140625 0.128125 0.121875
0 0.175 0.134375 0.1734375 0.2453125
1 0.1296875 0.17265625 0.1453125 0.225