1 0.4015625 0.93515625 0.2375 0.1296875
1 0.45 0.8875 0.215625 0.2046875
1 0.5265625 0.81015625 0.2234375 0.2078125
1 0.5796875 0.72734375 0.221875 0.2078125
0 0.63671875 0.63984375 0.221875 0.2078125
1 0.696875 0.56875 0.209375 0.196875
0 0.74921875 0.48984375 0.2125 0.203125
1 0.81875 0.4234375 0.1859375 0.1875
0 0.85234375 0.3515625 0.20625 0.18125
0 0.8921875 0.28671875 0.1671875 0.1890625
0 0.73046875 0.24921875 0.2125 0.190625
0 0.66953125 0.31328125 0.2171875 0.1953125
1 0.609375 0.39453125 0.1734375 0.15625
0 0.55703125 0.4578125 0.2046875 0.190625
1 0.51953125 0.525 0.1828125 0.18125
0 0.453125 0.6015625 0.21875 0.178125
1 0.40546875 0.67421875 0.190625 0.190625
0 0.34609375 0.74921875 0.221875 0.2078125
1 0.27265625 0.83203125 0.1984375 0.1640625
1 0.36015625 0.2109375 0.1734375 0.15625
1 0.2140625 0.1875 0.1671875 0.146875
1 0.15078125 0.2625 0.178125 0.1390625
0 0.10078125 0.30546875 0.1578125 0.140625
0 0.06640625 0.37890625 0.1328125 0.1546875
0 0.0453125 0.4328125 0.090625 0.159375
0 0.01875 0.47578125 0.0375 0.1328125
0 0.06484375 0.6015625 0.1296875 0.16875
0 0.0953125 0.54375 0.190625 0.184375
0 0.15078125 0.4703125 0.178125 0.178125
0 0.209375 0.4046875 0.178125 0.165625
0 0.2578125 0.346875 0.18125 0.16875
0 0.31015625 0.28984375 0.1625 0.1546875
0 0.82890625 0.05 0.0640625 0.1
0 0.78671875 0.053125 0.1359375 0.10625
0 0.72109375 0.05078125 0.1953125 0.1015625
0 0.64921875 0.04296875 0.2015625 0.0859375
0 0.57421875 0.04375 0.2015625 0.0875
0 0.50703125 0.0375 0.1703125 0.075