1 0.10078125 0.80078125 0.2015625 0.1484375
1 0.184375 0.759375 0.18125 0.165625
1 0.29453125 0.7375 0.190625 0.1671875
1 0.3875 0.696875 0.1890625 0.1671875
0 0.4859375 0.65546875 0.1890625 0.1671875
1 0.578125 0.6296875 0.1796875 0.1578125
0 0.66796875 0.59296875 0.1796875 0.1640625
1 0.76484375 0.57578125 0.153125 0.15625
0 0.83671875 0.53359375 0.1796875 0.14375
0 0.9203125 0.50546875 0.1578125 0.1671875
0 0.790625 0.37578125 0.1828125 0.1515625
0 0.70234375 0.3953125 0.1875 0.1546875
1 0.60390625 0.43046875 0.15 0.1234375
0 0.521875 0.4546875 0.1734375 0.15625
1 0.45234375 0.48984375 0.153125 0.15
0 0.35078125 0.5171875 0.1953125 0.134375
1 0.26875 0.5515625 0.159375 0.15625
0 0.175 0.58125 0.1890625 0.1671875
1 0.0765625 0.61015625 0.153125 0.125
1 0.496875 0.13046875 0.15 0.1234375
1 0.3859375 0.0421875 0.146875 0.084375
1 0.2890625 0.05390625 0.159375 0.103125
0 0.22109375 0.0625 0.1359375 0.1125
0 0.13125 0.0921875 0.15625 0.121875
0 0.090625 0.121875 0.090625 0.1265625
0 0.04296875 0.2953125 0.0515625 0.1375
0 0.0921875 0.2625 0.1375 0.1453125
0 0.16875 0.2328125 0.1484375 0.146875
0 0.25625 0.209375 0.1515625 0.1328125
0 0.33125 0.1875 0.1546875 0.1359375
0 0.40859375 0.16875 0.1390625 0.1265625
0 0.984375 0.26484375 0.0296875 0.1109375
0 0.9578125 0.21953125 0.0828125 0.15625
0 0.92109375 0.16015625 0.15625 0.165625
0 0.8640625 0.11171875 0.178125 0.1421875
0 0.796875 0.084375 0.1796875 0.1109375
0 0.73515625 0.05546875 0.15 0.0703125