0 0.97421875 0.540625 0.0515625 0.340625
0 0.8796875 0.48515625 0.240625 0.2921875
0 0.72109375 0.41796875 0.25 0.3015625
0 0.56953125 0.375 0.2359375 0.265625
0 0.471875 0.33359375 0.2296875 0.2234375
0 0.38828125 0.29765625 0.23125 0.1984375
0 0.29765625 0.28046875 0.196875 0.1640625
0 0.23046875 0.25859375 0.196875 0.146875
1 0.1703125 0.234375 0.15 0.13125
0 0.1328125 0.2109375 0.1765625 0.121875
0 0.084375 0.1953125 0.16875 0.121875
0 0.06640625 0.18125 0.1328125 0.13125
0 0.05390625 0.16484375 0.1078125 0.1359375
0 0.03359375 0.153125 0.0671875 0.121875
0 0.221875 0.85078125 0.421875 0.2984375
0 0.16171875 0.71875 0.31875 0.3578125
0 0.10625 0.6125 0.2125 0.265625