0 0.753125 0.7796875 0.146875 0.271875
0 0.6390625 0.775 0.153125 0.2515625
0 0.5328125 0.7703125 0.1640625 0.275
0 0.43046875 0.78359375 0.165625 0.2671875
0 0.32734375 0.803125 0.18125 0.2703125
0 0.23828125 0.79453125 0.1640625 0.2484375
0 0.15234375 0.8125 0.178125 0.2671875
0 0.0953125 0.78125 0.1390625 0.2515625
0 0.684375 0.4 0.1171875 0.178125
0 0.6125 0.4046875 0.1078125 0.171875
0 0.546875 0.4171875 0.1109375 0.184375
0 0.47109375 0.4375 0.1140625 0.16875
0 0.4015625 0.453125 0.1125 0.1703125
0 0.3390625 0.4625 0.1140625 0.1671875
0 0.28046875 0.46875 0.103125 0.1640625
0 0.21875 0.47578125 0.1109375 0.16875
1 0.1609375 0.4875 0.10625 0.165625
0 0.1046875 0.4875 0.125 0.178125
0 0.05390625 0.48984375 0.1078125 0.1640625
0 0.66015625 0.26171875 0.0875 0.1234375
0 0.58828125 0.26328125 0.090625 0.125
0 0.525 0.27265625 0.078125 0.1171875
0 0.48125 0.290625 0.0875 0.1265625
0 0.42890625 0.3046875 0.084375 0.1265625
0 0.37734375 0.31875 0.0921875 0.11875
0 0.32109375 0.3328125 0.0921875 0.121875
0 0.271875 0.34140625 0.1 0.121875
0 0.2234375 0.35 0.0796875 0.1140625
0 0.178125 0.35078125 0.09375 0.125
0 0.1296875 0.3609375 0.1109375 0.1328125
0 0.08671875 0.36328125 0.0859375 0.1203125
0 0.0421875 0.37109375 0.084375 0.1265625
0 0.01875 0.3890625 0.0375 0.128125
0 0.64375 0.1203125 0.075 0.103125
0 0.59453125 0.13515625 0.0703125 0.0921875
0 0.54765625 0.14453125 0.0703125 0.1
0 0.503125 0.15234375 0.078125 0.0953125
0 0.459375 0.1703125 0.0703125 0.0828125
0 0.4171875 0.18125 0.075 0.0984375
0 0.3734375 0.18828125 0.0765625 0.103125
0 0.33125 0.20625 0.0609375 0.075
0 0.29453125 0.2171875 0.0625 0.0828125
0 0.253125 0.22734375 0.0765625 0.09375
0 0.21328125 0.23359375 0.0609375 0.06875
0 0.17265625 0.24296875 0.0609375 0.0828125
0 0.13359375 0.25390625 0.059375 0.075
0 0.10390625 0.26015625 0.053125 0.071875
0 0.06796875 0.26328125 0.0578125 0.0703125
0 0.5171875 0.0953125 0.0625 0.08125
0 0.471875 0.10078125 0.0609375 0.08125
0 0.4328125 0.1171875 0.0734375 0.09375
0 0.3921875 0.11875 0.0703125 0.0859375
0 0.3546875 0.13359375 0.0625 0.0765625
0 0.3234375 0.1453125 0.0625 0.08125
0 0.2828125 0.15390625 0.0640625 0.078125
0 0.24921875 0.1703125 0.059375 0.06875
0 0.21953125 0.17265625 0.0625 0.08125
0 0.17890625 0.184375 0.078125 0.084375
0 0.146875 0.1859375 0.0625 0.0765625
0 0.1046875 0.19609375 0.071875 0.0765625
1 0.759375 0.021875 0.0828125 0.04375
1 0.7984375 0.0171875 0.0828125 0.034375
0 0.8359375 0.01796875 0.084375 0.0359375
0 0.87421875 0.02421875 0.075 0.0484375
0 0.7328125 0.01875 0.090625 0.0375
0 0.690625 0.01484375 0.0671875 0.0296875
0 0.646875 0.01953125 0.0703125 0.0390625
0 0.6078125 0.02421875 0.078125 0.0484375
0 0.575 0.02578125 0.0640625 0.0515625
0 0.5140625 0.0359375 0.0640625 0.071875
0 0.4796875 0.03359375 0.05 0.0671875
0 0.45 0.04375 0.0609375 0.0703125
0 0.41875 0.04609375 0.0546875 0.0734375
0 0.38125 0.06171875 0.05625 0.075
0 0.353125 0.07578125 0.0625 0.08125
0 0.32578125 0.0796875 0.0671875 0.0796875
0 0.28984375 0.0875 0.0515625 0.0625
0 0.2640625 0.096875 0.0640625 0.071875
0 0.2390625 0.10859375 0.0625 0.075
0 0.20625 0.109375 0.053125 0.0640625
0 0.1765625 0.11640625 0.0578125 0.0734375
0 0.1453125 0.13125 0.059375 0.06875