1 0.01171875 0.65234375 0.0234375 0.1578125
1 0.01953125 0.81171875 0.0390625 0.1828125
0 0.03828125 0.653125 0.0765625 0.175
0 0.08515625 0.66796875 0.0796875 0.1703125
0 0.05703125 0.83203125 0.0890625 0.184375
0 0.115625 0.83359375 0.071875 0.18125
1 0.14453125 0.675 0.06875 0.1578125
1 0.165625 0.8421875 0.08125 0.175
1 0.2234375 0.853125 0.084375 0.184375
1 0.278125 0.86953125 0.075 0.1703125
0 0.1984375 0.68046875 0.0796875 0.1609375
1 0.24921875 0.6890625 0.0859375 0.1578125
1 0.30546875 0.70234375 0.075 0.1609375
1 0.35546875 0.71015625 0.0796875 0.1609375
1 0.40625 0.71328125 0.075 0.1609375
0 0.3296875 0.865625 0.075 0.1796875
0 0.384375 0.87890625 0.0828125 0.1703125
0 0.440625 0.88984375 0.08125 0.175
0 0.4625 0.715625 0.08125 0.175
1 0.5140625 0.73515625 0.08125 0.175
1 0.49140625 0.89609375 0.08125 0.165625
1 0.5484375 0.9 0.08125 0.1796875
1 0.6 0.9125 0.075 0.175
1 0.65078125 0.915625 0.0765625 0.16875
1 0.70078125 0.91953125 0.0828125 0.1609375
0 0.56640625 0.73203125 0.0671875 0.1546875
0 0.61640625 0.74453125 0.0703125 0.1609375
0 0.66953125 0.75078125 0.0703125 0.15
0 0.71953125 0.76796875 0.0734375 0.1796875
0 0.77421875 0.77265625 0.06875 0.1640625
0 0.75234375 0.92578125 0.0828125 0.1484375
1 0.8234375 0.775 0.0734375 0.1796875
1 0.871875 0.7875 0.078125 0.1703125
1 0.925 0.80078125 0.071875 0.1703125
0 0.95703125 0.81015625 0.0453125 0.1921875
0 0.88828125 0.4671875 0.0796875 0.1609375
1 0.9734375 0.48671875 0.053125 0.1640625
1 0.934375 0.4859375 0.065625 0.1578125
0 0.98125 0.3328125 0.0375 0.140625
0 0.95078125 0.33125 0.0765625 0.146875
0 0.90390625 0.31953125 0.071875 0.1546875
0 0.853125 0.3109375 0.0765625 0.15625
0 0.80625 0.296875 0.084375 0.1625
0 0.75703125 0.29375 0.075 0.15
1 0.84140625 0.44765625 0.0671875 0.1546875
0 0.79296875 0.4421875 0.0703125 0.15
0 0.74296875 0.43671875 0.0734375 0.1609375
0 0.69140625 0.42421875 0.0671875 0.1546875
1 0.7109375 0.2890625 0.0765625 0.15625
1 0.65859375 0.27890625 0.075 0.1640625
1 0.64296875 0.421875 0.0671875 0.146875
0 0.590625 0.41015625 0.0609375 0.1453125
0 0.61171875 0.2640625 0.06875 0.1578125
0 0.56484375 0.25625 0.0734375 0.1640625
0 0.515625 0.253125 0.0640625 0.1546875
1 0.5453125 0.4078125 0.071875 0.1703125
0 0.49765625 0.40703125 0.0796875 0.1609375
1 0.4484375 0.3875 0.0703125 0.1609375
1 0.47109375 0.25078125 0.0765625 0.146875
1 0.3984375 0.38671875 0.075 0.1609375
0 0.41796875 0.2328125 0.0734375 0.146875
0 0.36796875 0.225 0.075 0.1609375
0 0.3484375 0.37421875 0.071875 0.1703125
0 0.3 0.35 0.071875 0.1703125
0 0.3203125 0.2109375 0.06875 0.1578125
1 0.2484375 0.35859375 0.0765625 0.146875
1 0.2765625 0.20859375 0.08125 0.1609375
0 0.22109375 0.1953125 0.071875 0.1703125
0 0.1984375 0.35078125 0.075 0.1546875
0 0.14609375 0.34296875 0.0703125 0.1609375
0 0.0953125 0.33203125 0.071875 0.1703125
0 0.17578125 0.18984375 0.071875 0.1703125
1 0.12265625 0.17890625 0.075 0.15
1 0.0484375 0.31484375 0.078125 0.1703125
0 0.0734375 0.17890625 0.071875 0.15
0 0.04453125 0.178125 0.0421875 0.1578125
0 0.2046875 0.00703125 0.065625 0.0140625
0 0.253125 0.00625 0.05625 0.0125
0 0.3 0.01015625 0.065625 0.0203125
0 0.346875 0.0140625 0.065625 0.028125
0 0.39609375 0.02421875 0.0609375 0.0484375
0 0.434375 0.0296875 0.0625 0.059375
0 0.48984375 0.025 0.0671875 0.05
0 0.5328125 0.0328125 0.065625 0.065625
0 0.5765625 0.0375 0.0703125 0.0703125
1 0.6265625 0.0375 0.0640625 0.059375
1 0.6734375 0.0453125 0.05625 0.0640625
0 0.71875 0.05625 0.06875 0.0765625
0 0.76484375 0.059375 0.0625 0.075
1 0.809375 0.06796875 0.0734375 0.0828125
0 0.85703125 0.07578125 0.06875 0.0828125
1 0.90625 0.08515625 0.06875 0.0875
0 0.94765625 0.08984375 0.06875 0.0828125
1 0.98125 0.09140625 0.0375 0.0734375