1 0.6203125 0.753125 0.13125 0.28125
1 0.1515625 0.6046875 0.1265625 0.265625
1 0.0765625 0.5796875 0.153125 0.3046875
0 0.22890625 0.6265625 0.1234375 0.2625
0 0.3078125 0.6609375 0.1140625 0.296875
0 0.3796875 0.6765625 0.121875 0.2953125
0 0.45859375 0.7109375 0.1328125 0.3046875
0 0.54140625 0.72890625 0.1234375 0.2875
0 0.70546875 0.78125 0.140625 0.3171875
0 0.796875 0.82109375 0.1453125 0.3171875
0 0.88359375 0.83359375 0.1453125 0.3140625
0 0.9390625 0.85078125 0.0640625 0.2796875
0 0.9625 0.6125 0.071875 0.225
0 0.9046875 0.5828125 0.13125 0.234375
0 0.82890625 0.5515625 0.1453125 0.246875
0 0.7484375 0.53203125 0.125 0.215625
0 0.66875 0.509375 0.121875 0.246875
0 0.59296875 0.4734375 0.1125 0.23125
0 0.5171875 0.46328125 0.1078125 0.2234375
0 0.446875 0.440625 0.1140625 0.2234375
0 0.375 0.421875 0.115625 0.2265625
0 0.29609375 0.40546875 0.1140625 0.225
0 0.2265625 0.38125 0.1265625 0.2390625
0 0.15234375 0.3578125 0.1234375 0.221875
0 0.0890625 0.334375 0.1140625 0.1734375
0 0.05390625 0.32734375 0.0921875 0.19375