0 0.75390625 0.9296875 0.3015625 0.140625
0 0.51328125 0.87578125 0.3015625 0.2484375
0 0.28515625 0.84609375 0.290625 0.29375
0 0.1046875 0.7875 0.209375 0.29375
0 0.78984375 0.63359375 0.2171875 0.2046875
0 0.92890625 0.665625 0.128125 0.159375
0 0.59296875 0.57421875 0.2171875 0.18125
0 0.38828125 0.5234375 0.246875 0.1984375
0 0.20078125 0.46796875 0.246875 0.1828125
0 0.0578125 0.42421875 0.115625 0.1515625
0 0.0984375 0.31171875 0.165625 0.14375
1 0.2625 0.3546875 0.2046875 0.159375
1 0.42734375 0.42109375 0.2171875 0.1640625
1 0.609375 0.4578125 0.20625 0.1671875
1 0.80234375 0.509375 0.1921875 0.1640625
1 0.9453125 0.55078125 0.109375 0.1265625
1 0.9453125 0.33203125 0.109375 0.1296875
1 0.82421875 0.290625 0.1671875 0.1359375
1 0.67109375 0.23125 0.165625 0.1203125
1 0.5125 0.18359375 0.175 0.1140625
1 0.35859375 0.13515625 0.1734375 0.1171875
1 0.1875 0.08359375 0.175 0.1140625
1 0.23359375 0.03515625 0.1578125 0.0703125
1 0.38671875 0.06015625 0.153125 0.109375
1 0.54453125 0.1109375 0.153125 0.0984375
1 0.69296875 0.15078125 0.159375 0.1125
1 0.83125 0.196875 0.1671875 0.13125
1 0.94609375 0.24453125 0.1078125 0.1234375