0 0.93203125 0.44921875 0.1171875 0.1953125
1 0.88359375 0.42734375 0.1171875 0.1953125
0 0.6765625 0.93046875 0.11875 0.1390625
0 0.61171875 0.91875 0.1203125 0.1625
1 0.72890625 0.7796875 0.1171875 0.190625
1 0.678125 0.75546875 0.1140625 0.1828125
1 0.83359375 0.4109375 0.1015625 0.1609375
1 0.78359375 0.39375 0.1046875 0.1640625
1 0.5625 0.90546875 0.13125 0.1890625
0 0.6234375 0.7421875 0.1171875 0.190625
0 0.57109375 0.7125 0.1171875 0.1859375
0 0.50390625 0.89765625 0.11875 0.203125
0 0.73359375 0.3765625 0.103125 0.165625
0 0.68359375 0.35546875 0.1078125 0.1796875
0 0.6328125 0.34140625 0.1171875 0.1921875
1 0.5171875 0.7 0.1125 0.1859375
1 0.4484375 0.87890625 0.128125 0.215625
1 0.4625 0.68046875 0.1203125 0.2015625
1 0.39453125 0.86015625 0.125 0.2078125
1 0.34140625 0.83515625 0.1203125 0.2078125
1 0.28515625 0.815625 0.125 0.2078125
1 0.58125 0.3234375 0.1109375 0.1890625
1 0.53515625 0.30078125 0.1109375 0.171875
1 0.48515625 0.28125 0.109375 0.1703125
0 0.41171875 0.6609375 0.1171875 0.1953125
0 0.22734375 0.79140625 0.109375 0.2046875
1 0.35703125 0.6421875 0.1125 0.1890625
0 0.4359375 0.25703125 0.09375 0.159375
0 0.3859375 0.23515625 0.1015625 0.1625
0 0.3 0.621875 0.1078125 0.19375
1 0.25078125 0.60234375 0.1171875 0.2046875
1 0.17734375 0.78046875 0.125 0.2
1 0.19609375 0.5765625 0.115625 0.2015625
1 0.14296875 0.5578125 0.109375 0.1921875
1 0.0890625 0.54453125 0.115625 0.2109375
1 0.33359375 0.23359375 0.0984375 0.16875
1 0.2328125 0.19765625 0.10625 0.1734375
1 0.13203125 0.159375 0.09375 0.1671875
0 0.11484375 0.76171875 0.1265625 0.2078125
0 0.065625 0.7359375 0.1265625 0.203125
0 0.0109375 0.70390625 0.021875 0.1984375
0 0.04765625 0.52578125 0.0953125 0.2078125
0 0.28828125 0.2078125 0.1078125 0.171875
0 0.18125 0.175 0.1 0.16875
0 0.1 0.15078125 0.0734375 0.165625
1 0.03515625 0.72265625 0.0703125 0.1984375
1 0.025 0.5046875 0.05 0.203125