0 0.8421875 0.14453125 0.196875 0.2890625
0 0.78984375 0.1703125 0.2484375 0.340625
0 0.7 0.19140625 0.253125 0.3828125
1 0.6078125 0.23203125 0.2484375 0.3890625
0 0.51875 0.26953125 0.2546875 0.4
0 0.41875 0.29921875 0.2484375 0.3828125
0 0.32734375 0.34140625 0.2515625 0.384375
0 0.23984375 0.38515625 0.2421875 0.3875
0 0.15234375 0.41484375 0.2328125 0.365625
0 0.09765625 0.47109375 0.1953125 0.3921875
0 0.05 0.49921875 0.1 0.3765625
0 0.98984375 0.73203125 0.0203125 0.1453125
0 0.94609375 0.77265625 0.1078125 0.1515625
0 0.88359375 0.81484375 0.15 0.15
0 0.79609375 0.8515625 0.1609375 0.1625
0 0.709375 0.89375 0.1578125 0.1625
0 0.6140625 0.92421875 0.15625 0.146875
0 0.5203125 0.9484375 0.15625 0.103125
0 0.42890625 0.96171875 0.1546875 0.0765625
1 0.6859375 0.009375 0.125 0.01875
0 0.5953125 0.028125 0.1375 0.05625
0 0.50703125 0.05390625 0.1453125 0.1078125
0 0.4125 0.06796875 0.140625 0.1359375
1 0.32265625 0.0953125 0.1515625 0.1578125
0 0.23125 0.13671875 0.14375 0.1515625
0 0.14921875 0.184375 0.15625 0.16875
0 0.06640625 0.22421875 0.1328125 0.1609375
0 0.0203125 0.26484375 0.040625 0.1515625