0 0.8765625 0.84765625 0.0765625 0.16875
0 0.8078125 0.8390625 0.11875 0.18125
0 0.72578125 0.83203125 0.1015625 0.1703125
0 0.6578125 0.82265625 0.0953125 0.1625
0 0.590625 0.8234375 0.09375 0.175
0 0.53203125 0.8109375 0.096875 0.1828125
0 0.46640625 0.81015625 0.1015625 0.1875
0 0.39609375 0.80078125 0.09375 0.165625
0 0.325 0.7859375 0.0875 0.18125
0 0.265625 0.78671875 0.084375 0.1640625
0 0.2015625 0.77578125 0.090625 0.1796875
0 0.14296875 0.76171875 0.0859375 0.1703125
0 0.0875 0.75078125 0.078125 0.1515625
0 0.03515625 0.74296875 0.065625 0.1640625
0 0.009375 0.72578125 0.0140625 0.15625
0 0.0203125 0.45078125 0.040625 0.1421875
1 0.01171875 0.340625 0.0234375 0.115625
0 0.053125 0.3328125 0.06875 0.125
0 0.06015625 0.4515625 0.0625 0.128125
0 0.096875 0.33671875 0.071875 0.121875
0 0.1453125 0.34140625 0.06875 0.11875
0 0.10546875 0.46171875 0.0625 0.14375
0 0.1625 0.4609375 0.065625 0.1234375
0 0.1953125 0.34296875 0.071875 0.11875
0 0.2484375 0.35390625 0.06875 0.103125
0 0.221875 0.4609375 0.0765625 0.13125
0 0.27890625 0.475 0.0609375 0.13125
0 0.30859375 0.3609375 0.0609375 0.1171875
0 0.3640625 0.35546875 0.065625 0.1125
0 0.33046875 0.48359375 0.0625 0.140625
0 0.38671875 0.49140625 0.06875 0.1328125
0 0.41484375 0.37109375 0.06875 0.11875
0 0.47109375 0.37578125 0.06875 0.121875
0 0.44921875 0.50234375 0.0765625 0.128125
0 0.509375 0.50078125 0.0765625 0.125
0 0.5234375 0.38125 0.075 0.121875
0 0.5828125 0.38515625 0.06875 0.1296875
0 0.56796875 0.51171875 0.078125 0.13125
0 0.62890625 0.509375 0.06875 0.121875
0 0.63515625 0.3890625 0.078125 0.13125
0 0.69765625 0.3953125 0.071875 0.128125
0 0.68828125 0.52109375 0.0828125 0.13125
0 0.74453125 0.5296875 0.065625 0.1234375
0 0.75390625 0.4046875 0.0625 0.1109375
0 0.75703125 0.18359375 0.0625 0.096875
0 0.77578125 0.0953125 0.0609375 0.090625
0 0.7171875 0.09140625 0.0625 0.0921875
0 0.70625 0.1828125 0.0625 0.09375
0 0.6703125 0.08203125 0.0640625 0.096875
0 0.659375 0.17734375 0.0671875 0.109375
0 0.6109375 0.1671875 0.0640625 0.1125
0 0.621875 0.078125 0.0578125 0.096875
0 0.56875 0.07578125 0.065625 0.0828125
0 0.559375 0.16875 0.075 0.1015625
0 0.50625 0.16796875 0.065625 0.1125
0 0.5234375 0.0625 0.0515625 0.0890625
0 0.47265625 0.06953125 0.0625 0.096875
0 0.4515625 0.1640625 0.065625 0.1125
0 0.42578125 0.06484375 0.05625 0.1015625
0 0.40390625 0.16484375 0.0578125 0.096875
0 0.36015625 0.159375 0.0625 0.10625
1 0.378125 0.06796875 0.053125 0.084375
0 0.31015625 0.153125 0.075 0.121875
0 0.3390625 0.059375 0.0515625 0.0953125
1 0.28515625 0.0671875 0.0515625 0.08125
0 0.21640625 0.14296875 0.0625 0.09375
0 0.24453125 0.065625 0.0546875 0.0859375
0 0.20234375 0.05546875 0.0515625 0.078125
0 0.16875 0.14765625 0.0609375 0.1078125
0 0.12734375 0.13046875 0.0640625 0.1125
0 0.0765625 0.13125 0.075 0.13125
0 0.03984375 0.12421875 0.040625 0.1109375
1 0.15703125 0.0515625 0.0734375 0.0921875