0 0.0546875 0.7421875 0.1078125 0.3875
0 0.10390625 0.75546875 0.1703125 0.3875
0 0.10078125 0.12734375 0.1265625 0.2296875
1 0.1609375 0.12578125 0.13125 0.2328125
0 0.2296875 0.128125 0.1296875 0.240625
0 0.29140625 0.128125 0.1265625 0.2453125
0 0.359375 0.1375 0.134375 0.2703125
0 0.4234375 0.14375 0.1328125 0.2875
0 0.48671875 0.146875 0.1328125 0.29375
0 0.54609375 0.1671875 0.1453125 0.328125
0 0.61328125 0.16875 0.140625 0.325
1 0.675 0.18828125 0.15625 0.3484375
0 0.7359375 0.1828125 0.1546875 0.31875
0 0.8578125 0.2234375 0.15 0.3578125
1 0.9203125 0.22421875 0.1515625 0.340625
0 0.9453125 0.23671875 0.1046875 0.3484375
0 0.97421875 0.234375 0.04375 0.3203125
1 0.1890625 0.7859375 0.1546875 0.353125
1 0.26171875 0.81484375 0.15 0.3203125
1 0.3453125 0.825 0.14375 0.325
0 0.4296875 0.8203125 0.15625 0.359375
0 0.59453125 0.8265625 0.1625 0.3453125
0 0.67578125 0.79921875 0.175 0.39375
0 0.74453125 0.825 0.1703125 0.3375
0 0.90546875 0.82421875 0.171875 0.328125