0 0.87421875 0.86875 0.1953125 0.2625
0 0.8953125 0.91640625 0.109375 0.1671875
0 0.81875 0.79765625 0.2078125 0.290625
0 0.75234375 0.7125 0.190625 0.265625
0 0.70078125 0.62734375 0.2078125 0.271875
1 0.6109375 0.58359375 0.1953125 0.253125
1 0.56484375 0.5171875 0.190625 0.246875
0 0.53203125 0.4375 0.215625 0.2421875
0 0.48125 0.37421875 0.1890625 0.2421875
0 0.4390625 0.3140625 0.2125 0.2625
0 0.39453125 0.2546875 0.1875 0.221875
1 0.34609375 0.21640625 0.1734375 0.2171875
0 0.31484375 0.16484375 0.175 0.221875
0 0.28125 0.11640625 0.190625 0.23125
0 0.24921875 0.09609375 0.1890625 0.1921875
0 0.2171875 0.06328125 0.184375 0.1265625
0 0.18359375 0.04609375 0.1671875 0.0921875
0 0.1515625 0.02890625 0.13125 0.0578125
0 0.1421875 0.01171875 0.09375 0.0234375
0 0.41171875 0.9484375 0.2234375 0.103125
0 0.34296875 0.89296875 0.265625 0.209375
0 0.2703125 0.82421875 0.3109375 0.33125
1 0.21328125 0.76640625 0.3015625 0.3921875
0 0.175 0.678125 0.2671875 0.3453125
0 0.1171875 0.59765625 0.234375 0.3328125
1 0.09609375 0.525 0.1921875 0.3
0 0.09140625 0.45703125 0.1828125 0.3140625
0 0.07578125 0.3953125 0.1515625 0.28125
0 0.05234375 0.3265625 0.096875 0.2453125
0 0.06796875 0.85 0.1359375 0.16875
0 0.040625 0.796875 0.08125 0.21875
0 0.00703125 0.7453125 0.0140625 0.259375
0 0.96875 0.65546875 0.0609375 0.2421875
0 0.93984375 0.5796875 0.1203125 0.259375
0 0.90390625 0.51328125 0.1796875 0.2546875
0 0.84453125 0.45703125 0.1765625 0.2453125
0 0.78203125 0.38359375 0.15625 0.21875
0 0.73828125 0.3375 0.178125 0.2296875
0 0.6921875 0.29140625 0.159375 0.215625
0 0.64765625 0.2359375 0.1546875 0.2078125
0 0.61015625 0.19375 0.1578125 0.2
1 0.56171875 0.15859375 0.146875 0.1859375
0 0.52265625 0.10390625 0.1609375 0.2078125
0 0.48984375 0.075 0.1546875 0.15
0 0.459375 0.04453125 0.14375 0.0890625
0 0.41484375 0.03046875 0.1453125 0.0609375
0 0.98203125 0.2765625 0.0359375 0.2
1 0.9546875 0.24609375 0.090625 0.1734375
1 0.9296875 0.203125 0.140625 0.19375
0 0.903125 0.165625 0.14375 0.1796875
0 0.8609375 0.115625 0.1453125 0.1578125
0 0.80859375 0.08828125 0.1265625 0.1203125
0 0.97265625 0.15703125 0.0546875 0.1265625
0 0.7625 0.0640625 0.1 0.08125
0 0.36953125 0.0171875 0.1390625 0.034375