1 0.56953125 0.86953125 0.271875 0.2546875
1 0.3765625 0.91484375 0.275 0.1703125
1 0.3421875 0.80546875 0.2640625 0.2203125
1 0.8890625 0.7125 0.221875 0.28125
1 0.846875 0.5765625 0.2640625 0.2265625
1 0.7765625 0.4703125 0.228125 0.1875
1 0.71875 0.38203125 0.221875 0.1640625
1 0.5953125 0.17109375 0.18125 0.1296875
1 0.56171875 0.11328125 0.18125 0.1296875
1 0.53203125 0.06328125 0.1609375 0.1140625
1 0.32890625 0.17109375 0.1546875 0.1140625
1 0.3546875 0.22578125 0.15625 0.1109375
1 0.22109375 0.22109375 0.1390625 0.103125
0 0.234375 0.28203125 0.14375 0.1203125
0 0.378125 0.2828125 0.1640625 0.128125
0 0.39921875 0.35 0.1875 0.1421875
0 0.4296875 0.4234375 0.1703125 0.14375
0 0.4546875 0.515625 0.209375 0.175
0 0.5234375 0.71640625 0.23125 0.19375
1 0.4875 0.6078125 0.24375 0.1875
1 0.24921875 0.3390625 0.1515625 0.1203125
1 0.08046875 0.69140625 0.1234375 0.1515625
1 0.0625 0.603125 0.125 0.1328125
1 0.05703125 0.52421875 0.1140625 0.1140625
0 0.0515625 0.45 0.103125 0.115625
0 0.04375 0.38515625 0.0875 0.1109375
0 0.0375 0.33203125 0.075 0.0984375
0 0.0359375 0.27578125 0.071875 0.1046875
0 0.3203125 0.6828125 0.2078125 0.1796875
0 0.290625 0.5734375 0.2078125 0.1625
0 0.27578125 0.48515625 0.19375 0.1578125
0 0.25625 0.403125 0.1609375 0.1234375
0 0.0875 0.79453125 0.090625 0.1375