0 0.58984375 0.89765625 0.1984375 0.2046875
0 0.47890625 0.83984375 0.2234375 0.296875
0 0.403125 0.76171875 0.1953125 0.303125
1 0.3046875 0.696875 0.1875 0.2609375
0 0.11484375 0.86328125 0.2078125 0.2234375
0 0.0671875 0.76875 0.134375 0.275
0 0.2359375 0.6078125 0.1703125 0.26875
0 0.1546875 0.54921875 0.1671875 0.2265625
1 0.09453125 0.50078125 0.1890625 0.2421875
0 0.06171875 0.421875 0.1234375 0.225
0 0.95703125 0.62109375 0.0859375 0.2125
0 0.88359375 0.5484375 0.1390625 0.190625
0 0.79609375 0.47109375 0.1453125 0.2
1 0.70390625 0.4375 0.134375 0.165625
1 0.6171875 0.3921875 0.1328125 0.159375
0 0.55 0.32421875 0.153125 0.1859375
0 0.47109375 0.28984375 0.15625 0.1625
0 0.40703125 0.2359375 0.1453125 0.1765625
0 0.3375 0.19921875 0.121875 0.1703125
1 0.271875 0.1609375 0.134375 0.1484375
0 0.22578125 0.1203125 0.1359375 0.15625
0 0.16953125 0.0828125 0.125 0.134375
0 0.1171875 0.06640625 0.11875 0.1328125
0 0.0796875 0.05078125 0.10625 0.1015625
0 0.96953125 0.3546875 0.0609375 0.184375
0 0.9 0.28359375 0.1078125 0.175
0 0.83515625 0.2421875 0.1125 0.1515625
0 0.7609375 0.2078125 0.109375 0.1703125
0 0.675 0.16015625 0.1140625 0.18125
0 0.62265625 0.1296875 0.11875 0.1609375
0 0.55390625 0.1046875 0.1 0.159375
1 0.4921875 0.07109375 0.115625 0.1421875
0 0.4375 0.05390625 0.115625 0.1078125
0 0.3703125 0.0296875 0.103125 0.059375
1 0.97265625 0.10078125 0.0546875 0.1328125
1 0.9171875 0.07890625 0.1046875 0.1078125
0 0.215625 0.909375 0.221875 0.1578125