0 0.7203125 0.86875 0.2859375 0.25
0 0.91640625 0.81875 0.1671875 0.246875
0 0.88515625 0.6484375 0.221875 0.1890625
0 0.6375 0.55625 0.2375 0.1828125
0 0.74453125 0.3203125 0.1765625 0.121875
0 0.70390625 0.24140625 0.1625 0.1046875
0 0.534375 0.21171875 0.1703125 0.1078125
0 0.51328125 0.13984375 0.1578125 0.078125
0 0.6359375 0.06015625 0.134375 0.0828125
0 0.48671875 0.04375 0.1453125 0.0828125
0 0.59375 0.00625 0.121875 0.0125
0 0.296875 0.76640625 0.2109375 0.253125
0 0.10625 0.8 0.1890625 0.2515625
0 0.121875 0.61796875 0.1546875 0.1484375
0 0.2953125 0.578125 0.196875 0.1515625
0 0.284375 0.45625 0.1796875 0.134375
0 0.12734375 0.490625 0.159375 0.134375
0 0.1328125 0.38984375 0.14375 0.1109375
0 0.140625 0.30859375 0.1453125 0.1015625
0 0.2734375 0.29296875 0.1546875 0.1140625
0 0.275 0.203125 0.1375 0.09375
0 0.26875 0.140625 0.128125 0.0828125
0 0.15078125 0.22578125 0.140625 0.0921875
0 0.15546875 0.1703125 0.1203125 0.084375
0 0.26875 0.09453125 0.1328125 0.0796875
0 0.259375 0.04375 0.121875 0.075
0 0.15859375 0.07265625 0.1078125 0.0625
0 0.15390625 0.12109375 0.121875 0.065625
1 0.68203125 0.69140625 0.2484375 0.1984375
1 0.82109375 0.52109375 0.1953125 0.159375
1 0.78046875 0.4171875 0.1890625 0.1421875
1 0.60625 0.4484375 0.2109375 0.1296875
1 0.58515625 0.365625 0.20625 0.15625
1 0.55625 0.275 0.190625 0.1234375
1 0.68203125 0.18125 0.134375 0.09375
1 0.66015625 0.12109375 0.1515625 0.0984375
1 0.48359375 0.0171875 0.1390625 0.034375
1 0.61484375 0.028125 0.1359375 0.05625
1 0.50703125 0.09296875 0.1515625 0.078125
0 0.85546875 0.0296875 0.1203125 0.059375
1 0.88046875 0.06796875 0.0953125 0.0765625
1 0.9046875 0.13359375 0.08125 0.090625
1 0.93125 0.2 0.0609375 0.0921875