0 0.24140625 0.8640625 0.2875 0.228125
0 0.05859375 0.81796875 0.1171875 0.20625
0 0.08828125 0.6515625 0.1765625 0.1953125
0 0.31875 0.55 0.2453125 0.1859375
0 0.20234375 0.30625 0.1796875 0.1234375
0 0.2453125 0.22265625 0.165625 0.10625
0 0.4203125 0.18828125 0.175 0.1078125
0 0.44140625 0.1140625 0.1625 0.0796875
0 0.31171875 0.0375 0.1390625 0.075
0 0.46796875 0.02734375 0.15 0.0546875
0 0.678125 0.76484375 0.215625 0.259375
0 0.87421875 0.79609375 0.1875 0.2578125
0 0.8578125 0.60625 0.159375 0.1515625
0 0.6765625 0.5671875 0.2015625 0.1546875
0 0.68671875 0.43984375 0.1859375 0.1359375
0 0.85 0.471875 0.1625 0.1375
0 0.8421875 0.36796875 0.146875 0.1125
0 0.8328125 0.2828125 0.1484375 0.103125
0 0.69453125 0.26875 0.1578125 0.1171875
0 0.69140625 0.175 0.140625 0.0953125
0 0.696875 0.10859375 0.1328125 0.0859375
0 0.82109375 0.196875 0.1453125 0.09375
0 0.815625 0.1390625 0.1234375 0.0859375
0 0.69609375 0.06171875 0.1359375 0.0796875
0 0.81640625 0.08671875 0.1265625 0.0671875
1 0.275 0.69296875 0.2546875 0.203125
1 0.1265625 0.5171875 0.2 0.1609375
1 0.1671875 0.4078125 0.19375 0.1453125
1 0.35 0.43671875 0.215625 0.13125
1 0.3703125 0.35078125 0.2109375 0.159375
1 0.39921875 0.25546875 0.1953125 0.1234375
1 0.26640625 0.159375 0.1375 0.0953125
1 0.2875 0.0953125 0.15625 0.1015625
1 0.3328125 0.01484375 0.140625 0.0296875
1 0.446875 0.06484375 0.15625 0.078125
0 0.11640625 0.0171875 0.0546875 0.034375