1 0.78203125 0.8109375 0.25 0.278125
0 0.90703125 0.734375 0.1859375 0.29375
0 0.88671875 0.43828125 0.2265625 0.3703125
0 0.79765625 0.484375 0.2703125 0.365625
0 0.6484375 0.5359375 0.3125 0.4109375
0 0.5125 0.58828125 0.2859375 0.4125
0 0.3640625 0.65625 0.2828125 0.403125
0 0.61484375 0.86328125 0.2609375 0.2734375
0 0.4453125 0.89375 0.275 0.2125
0 0.27578125 0.925 0.2765625 0.15
0 0.22421875 0.721875 0.2609375 0.375
0 0.11640625 0.7421875 0.2296875 0.4078125
0 0.0171875 0.328125 0.034375 0.23125
0 0.06484375 0.29765625 0.1296875 0.2578125
0 0.1375 0.253125 0.1640625 0.2140625
0 0.2375 0.21484375 0.19375 0.23125
0 0.33046875 0.18125 0.190625 0.2359375
0 0.42734375 0.1453125 0.196875 0.2609375
0 0.52421875 0.10859375 0.1984375 0.2171875
0 0.6140625 0.08359375 0.19375 0.1671875
0 0.70546875 0.065625 0.1890625 0.13125
0 0.78515625 0.0453125 0.1421875 0.090625
0 0.37421875 0.04765625 0.115625 0.0859375
0 0.29140625 0.08046875 0.1203125 0.1015625
0 0.2140625 0.11484375 0.13125 0.109375
0 0.128125 0.14765625 0.1234375 0.1015625
1 0.46171875 0.0234375 0.1109375 0.046875