0 0.690625 0.87421875 0.484375 0.2515625
1 0.51796875 0.77109375 0.4984375 0.4578125
0 0.40703125 0.6015625 0.45 0.4140625
0 0.34296875 0.45546875 0.371875 0.3515625
1 0.278125 0.34296875 0.3140625 0.3296875
1 0.8875 0.35546875 0.215625 0.2296875
0 0.959375 0.40390625 0.08125 0.2078125
0 0.253125 0.25390625 0.2625 0.2375
0 0.2328125 0.19921875 0.2609375 0.203125
0 0.834375 0.27109375 0.2 0.2078125
0 0.73984375 0.21015625 0.184375 0.196875
0 0.675 0.15703125 0.165625 0.19375
0 0.97734375 0.2515625 0.0453125 0.153125
0 0.9390625 0.203125 0.121875 0.165625
0 0.971875 0.1390625 0.05625 0.090625
0 0.92421875 0.12109375 0.0890625 0.0859375
0 0.85703125 0.10625 0.0984375 0.0890625
0 0.78046875 0.07578125 0.0921875 0.0640625
0 0.1265625 0.0859375 0.115625 0.1609375
0 0.07734375 0.13046875 0.0375 0.1203125
0 0.09921875 0.05 0.0390625 0.1