0 0.8328125 0.91484375 0.2125 0.1703125
0 0.6859375 0.93359375 0.240625 0.1328125
0 0.42109375 0.728125 0.2109375 0.2390625
0 0.10625 0.86171875 0.178125 0.165625
1 0.24375 0.84375 0.178125 0.190625
1 0.58125 0.67890625 0.2046875 0.24375
1 0.72734375 0.625 0.1890625 0.253125
0 0.8796875 0.53828125 0.1671875 0.2359375
0 0.9375 0.32734375 0.125 0.2015625
0 0.10390625 0.6703125 0.1765625 0.1796875
0 0.025 0.74609375 0.05 0.2015625
1 0.25390625 0.6296875 0.1484375 0.16875
1 0.38671875 0.57578125 0.165625 0.153125
1 0.53125 0.521875 0.175 0.1765625
1 0.6765625 0.46640625 0.1859375 0.1734375
1 0.8 0.421875 0.1671875 0.165625
1 0.82109375 0.18984375 0.115625 0.1203125
1 0.58671875 0.29296875 0.1203125 0.1203125
0 0.70390625 0.2140625 0.140625 0.1328125
0 0.93046875 0.12265625 0.1390625 0.1171875
0 0.36796875 0.35234375 0.1515625 0.140625
1 0.4703125 0.34453125 0.1484375 0.1625
1 0.2484375 0.43828125 0.1359375 0.184375
1 0.121875 0.47734375 0.1234375 0.1890625
1 0.03515625 0.5375 0.0703125 0.165625
1 0.046875 0.4109375 0.0921875 0.109375
0 0.13203125 0.346875 0.11875 0.1078125
0 0.24375 0.31484375 0.1234375 0.1046875
1 0.340625 0.27578125 0.1125 0.09375
0 0.4546875 0.23125 0.13125 0.125
0 0.57421875 0.1828125 0.125 0.11875
0 0.6796875 0.115625 0.134375 0.10625
0 0.7640625 0.08828125 0.1328125 0.1109375
0 0.2328125 0.1890625 0.1015625 0.153125
1 0.14375 0.2390625 0.10625 0.1015625
1 0.0609375 0.26875 0.065625 0.090625
1 0.3296875 0.1546875 0.1046875 0.1453125
0 0.43125 0.090625 0.1125 0.1609375
0 0.51875 0.0578125 0.10625 0.115625
0 0.603125 0.04453125 0.1015625 0.0828125
0 0.15078125 0.140625 0.0875 0.1203125
0 0.24609375 0.1046875 0.1 0.10625
0 0.31953125 0.07890625 0.1125 0.103125
1 0.090625 0.0921875 0.0578125 0.0984375
0 0.1640625 0.03203125 0.075 0.0640625
0 0.2375 0.03046875 0.084375 0.0609375
0 0.31484375 0.0171875 0.0859375 0.034375
0 0.10078125 0.034375 0.0515625 0.06875