0 0.8484375 0.65703125 0.18125 0.309375
1 0.7015625 0.64375 0.190625 0.2890625
0 0.5640625 0.62265625 0.1828125 0.2828125
0 0.42421875 0.59765625 0.1609375 0.284375
0 0.28046875 0.559375 0.1890625 0.29375
0 0.14140625 0.5390625 0.21875 0.3328125
0 0.078125 0.490625 0.15625 0.309375
0 0.9125 0.44375 0.1734375 0.2140625
1 0.7984375 0.42890625 0.1640625 0.203125
0 0.69296875 0.41171875 0.1625 0.21875
0 0.59296875 0.384375 0.153125 0.203125
0 0.48203125 0.38984375 0.146875 0.2203125
0 0.37578125 0.3546875 0.1453125 0.2171875
0 0.26953125 0.32578125 0.146875 0.2171875
0 0.1703125 0.29609375 0.140625 0.1921875
0 0.0765625 0.2796875 0.1171875 0.2
0 0.95859375 0.23359375 0.08125 0.13125
0 0.90546875 0.21875 0.1046875 0.11875
0 0.834375 0.1984375 0.0890625 0.109375
0 0.76640625 0.1890625 0.090625 0.096875
0 0.69140625 0.1703125 0.08125 0.1015625
0 0.62109375 0.1703125 0.0875 0.096875
0 0.54609375 0.16015625 0.0984375 0.1
0 0.4828125 0.14765625 0.0921875 0.1140625
0 0.4078125 0.1265625 0.1015625 0.1140625
0 0.3375 0.1109375 0.1 0.1109375
0 0.271875 0.09921875 0.103125 0.1125
0 0.20546875 0.084375 0.125 0.1296875
0 0.12890625 0.075 0.1078125 0.11875
0 0.9796875 0.1421875 0.0390625 0.090625
0 0.9421875 0.13359375 0.0953125 0.084375
0 0.87578125 0.1234375 0.0953125 0.090625
1 0.8109375 0.12578125 0.0796875 0.084375
0 0.75859375 0.1125 0.075 0.090625
0 0.69296875 0.09765625 0.09375 0.090625
0 0.6265625 0.096875 0.0859375 0.08125
0 0.5640625 0.08984375 0.08125 0.078125
0 0.50703125 0.0734375 0.0703125 0.0703125
0 0.44609375 0.06171875 0.0640625 0.075
0 0.39375 0.04765625 0.059375 0.0671875
0 0.33515625 0.03828125 0.0640625 0.071875
0 0.275 0.03125 0.078125 0.0625
0 0.21015625 0.0265625 0.0765625 0.053125
0 0.13984375 0.02421875 0.084375 0.0484375