0 0.05859375 0.58515625 0.1171875 0.4703125
0 0.12890625 0.60859375 0.2078125 0.5046875
1 0.23984375 0.6390625 0.2046875 0.4953125
0 0.34296875 0.66875 0.209375 0.5
1 0.12421875 0.1765625 0.2015625 0.353125
1 0.2359375 0.190625 0.2125 0.38125
0 0.33828125 0.1921875 0.1890625 0.384375
0 0.4390625 0.221875 0.203125 0.44375
1 0.54375 0.23515625 0.1859375 0.425
1 0.6484375 0.24296875 0.1984375 0.453125
1 0.4625 0.68203125 0.2015625 0.46875
1 0.559375 0.71171875 0.2078125 0.5046875
1 0.67265625 0.7265625 0.209375 0.4921875
1 0.78125 0.75078125 0.19375 0.49375
0 0.759375 0.2578125 0.1828125 0.425
1 0.86796875 0.28984375 0.1890625 0.4296875
0 0.93515625 0.3203125 0.1296875 0.428125
0 0.88046875 0.7578125 0.2171875 0.484375