1 0.853125 0.640625 0.2890625 0.2109375
1 0.64296875 0.6203125 0.2171875 0.290625
1 0.34453125 0.53359375 0.1515625 0.2015625
1 0.38515625 0.41640625 0.1859375 0.103125
1 0.36953125 0.25390625 0.0859375 0.0984375
1 0.44765625 0.2578125 0.0921875 0.09375
1 0.53828125 0.27265625 0.103125 0.0921875
1 0.846875 0.35703125 0.115625 0.1390625
1 0.91484375 0.2859375 0.0734375 0.09375
0 0.9640625 0.3359375 0.071875 0.1375
0 0.8171875 0.49453125 0.265625 0.1796875
0 0.6359375 0.4625 0.215625 0.165625
0 0.5 0.40546875 0.215625 0.165625
0 0.2421875 0.46796875 0.1234375 0.175
0 0.4796875 0.5578125 0.15 0.25625
0 0.14921875 0.4203125 0.134375 0.1671875
0 0.0953125 0.38828125 0.1 0.1390625
0 0.01875 0.35859375 0.0296875 0.1140625
1 0.034375 0.384375 0.0640625 0.125
1 0.31796875 0.3671875 0.1328125 0.0796875
0 0.21796875 0.315625 0.15625 0.0890625
0 0.0515625 0.2671875 0.084375 0.096875
0 0.13671875 0.1953125 0.0609375 0.115625
0 0.23828125 0.20390625 0.0671875 0.1140625
0 0.3 0.22578125 0.0828125 0.1328125
1 0.06875 0.32109375 0.0984375 0.0734375
1 0.83515625 0.26796875 0.1359375 0.0890625
1 0.61953125 0.22109375 0.1234375 0.0796875
1 0.721875 0.23359375 0.140625 0.09375
0 0.63671875 0.259375 0.125 0.1671875
0 0.73125 0.29453125 0.1078125 0.1453125
1 0.5375 0.2171875 0.115625 0.084375
1 0.46328125 0.1984375 0.1171875 0.0640625
1 0.384375 0.18984375 0.1234375 0.0703125
0 0.325 0.1640625 0.128125 0.0921875
1 0.18515625 0.2015625 0.065625 0.075
1 0.09921875 0.2109375 0.053125 0.0671875
1 0.96640625 0.1828125 0.0671875 0.0625
1 0.94765625 0.1421875 0.1046875 0.0625
1 0.88046875 0.175 0.0875 0.0703125
1 0.8640625 0.13671875 0.1078125 0.05625
1 0.78203125 0.115625 0.1 0.0515625
1 0.71171875 0.1046875 0.1203125 0.0625
1 0.6484375 0.10078125 0.1078125 0.0546875
1 0.5765625 0.08828125 0.103125 0.0546875
1 0.296875 0.11484375 0.0578125 0.0625
1 0.3453125 0.11171875 0.053125 0.046875
1 0.3921875 0.11328125 0.0578125 0.046875
1 0.44296875 0.11953125 0.0671875 0.0625
1 0.50703125 0.1296875 0.0765625 0.0734375
1 0.57109375 0.13046875 0.0875 0.065625
1 0.64375 0.13515625 0.0734375 0.053125
1 0.7171875 0.14921875 0.09375 0.059375
1 0.8015625 0.16796875 0.0859375 0.084375