1 0.21328125 0.584375 0.0546875 0.1484375
1 0.2671875 0.590625 0.059375 0.1421875
0 0.196875 0.7296875 0.059375 0.1375
0 0.253125 0.740625 0.0578125 0.1578125
0 0.31640625 0.58828125 0.059375 0.1453125
0 0.36484375 0.58828125 0.059375 0.1359375
1 0.30234375 0.74453125 0.0546875 0.15625
1 0.41171875 0.58671875 0.053125 0.1453125
1 0.45859375 0.60078125 0.0515625 0.1484375
0 0.3546875 0.73828125 0.0546875 0.1703125
0 0.5109375 0.6 0.0515625 0.13125
1 0.403125 0.740625 0.0546875 0.165625
1 0.45078125 0.7453125 0.059375 0.1484375
1 0.50625 0.75390625 0.059375 0.159375
1 0.553125 0.75625 0.0578125 0.153125
1 0.55703125 0.596875 0.05625 0.1421875
0 0.61015625 0.6125 0.0546875 0.1453125
0 0.60078125 0.75859375 0.05625 0.1671875
1 0.6515625 0.753125 0.0609375 0.1546875
0 0.70625 0.7640625 0.0625 0.165625
1 0.65703125 0.6125 0.0609375 0.1546875
1 0.70625 0.61015625 0.0546875 0.140625
1 0.75546875 0.6078125 0.05625 0.1375
1 0.8015625 0.609375 0.0484375 0.1265625
1 0.7984375 0.7671875 0.0625 0.1640625
0 0.7515625 0.7625 0.05 0.1578125
0 0.85234375 0.61171875 0.0671875 0.140625
0 0.8546875 0.76796875 0.071875 0.16875
1 0.903125 0.77421875 0.0625 0.165625
1 0.89765625 0.6203125 0.0515625 0.1453125
1 0.9546875 0.78359375 0.06875 0.165625
0 0.94453125 0.61640625 0.05625 0.153125
0 0.1703125 0.26640625 0.05625 0.1390625
1 0.21953125 0.27265625 0.0515625 0.1359375
1 0.98203125 0.615625 0.0328125 0.15625
1 0.26484375 0.28046875 0.053125 0.1421875
1 0.309375 0.28671875 0.0578125 0.1484375
0 0.35390625 0.2921875 0.0515625 0.146875
0 0.4 0.290625 0.0484375 0.1421875
0 0.44921875 0.29296875 0.0484375 0.1421875
1 0.49140625 0.29765625 0.0546875 0.1375
1 0.5390625 0.3015625 0.05625 0.13125
1 0.58359375 0.303125 0.0546875 0.13125
0 0.6296875 0.30234375 0.0546875 0.125
0 0.6765625 0.3015625 0.0546875 0.1265625
1 0.71953125 0.31328125 0.05625 0.1359375
0 0.765625 0.31171875 0.05625 0.1421875
1 0.8109375 0.321875 0.0625 0.1453125
0 0.85234375 0.321875 0.0578125 0.1265625
1 0.89765625 0.3296875 0.05625 0.1296875
0 0.94921875 0.3296875 0.0640625 0.121875
1 0.98125 0.32890625 0.0359375 0.134375