1 0.528125 0.9140625 0.253125 0.171875
1 0.31171875 0.94296875 0.2609375 0.1140625
1 0.3015625 0.83515625 0.25 0.19375
1 0.896875 0.846875 0.20625 0.2546875
1 0.8734375 0.6890625 0.25 0.2
1 0.81796875 0.5640625 0.215625 0.1640625
1 0.775 0.4609375 0.2140625 0.1375
1 0.68515625 0.2171875 0.175 0.109375
1 0.66015625 0.15 0.175 0.109375
1 0.6390625 0.09296875 0.15625 0.09375
1 0.40546875 0.1671875 0.15 0.096875
1 0.42265625 0.2296875 0.1515625 0.090625
1 0.2828125 0.2 0.134375 0.0875
0 0.2859375 0.2671875 0.134375 0.10625
0 0.43671875 0.29453125 0.15625 0.1109375
0 0.4453125 0.36796875 0.18125 0.121875
0 0.4640625 0.45078125 0.1609375 0.128125
0 0.47421875 0.55234375 0.2 0.153125
0 0.50859375 0.775 0.21875 0.1703125
1 0.490625 0.65546875 0.234375 0.1625
1 0.29140625 0.3296875 0.146875 0.10625
1 0.05234375 0.66796875 0.1046875 0.146875
1 0.0515625 0.571875 0.103125 0.125
1 0.05390625 0.48828125 0.1078125 0.1046875
0 0.0546875 0.40703125 0.109375 0.1046875
0 0.05390625 0.3375 0.1078125 0.1
0 0.053125 0.27734375 0.10625 0.0875
0 0.05546875 0.21796875 0.1109375 0.0875
0 0.3015625 0.70234375 0.196875 0.1578125
0 0.29140625 0.58125 0.2 0.140625
0 0.29296875 0.4875 0.184375 0.1375
0 0.28671875 0.396875 0.15625 0.10625
0 0.0375 0.77734375 0.075 0.134375