1 0.25703125 0.11015625 0.1515625 0.2203125
1 0.35 0.11953125 0.11875 0.2390625
1 0.43515625 0.125 0.1328125 0.25
0 0.53046875 0.128125 0.1328125 0.25625
0 0.62578125 0.14296875 0.128125 0.275
0 0.72109375 0.1515625 0.146875 0.2765625
0 0.8140625 0.16796875 0.14375 0.28125
0 0.91171875 0.1734375 0.14375 0.271875
1 0.96953125 0.2046875 0.0609375 0.21875
1 0.440625 0.75546875 0.1890625 0.4390625
1 0.9125 0.7921875 0.159375 0.415625
0 0.79921875 0.765625 0.1703125 0.46875
0 0.67578125 0.77578125 0.184375 0.4359375
0 0.546875 0.7671875 0.1625 0.415625