0 0.97890625 0.41953125 0.0421875 0.0734375
0 0.9703125 0.45390625 0.059375 0.0546875
0 0.95625 0.50078125 0.0828125 0.05625
1 0.9640625 0.47734375 0.071875 0.0578125
1 0.778125 0.79921875 0.08125 0.06875
1 0.78984375 0.7734375 0.0984375 0.078125
1 0.803125 0.74296875 0.1 0.065625
1 0.82265625 0.72265625 0.0875 0.0640625
1 0.73515625 0.86796875 0.103125 0.0859375
1 0.84375 0.690625 0.090625 0.06875
1 0.86328125 0.6640625 0.0828125 0.05625
1 0.8796875 0.6328125 0.0890625 0.065625
1 0.89765625 0.6078125 0.0828125 0.0625
1 0.91328125 0.58203125 0.078125 0.0578125
1 0.925 0.55859375 0.0875 0.0640625
1 0.940625 0.52890625 0.0890625 0.0546875
0 0.7578125 0.825 0.1015625 0.06875
0 0.803125 0.91328125 0.09375 0.1
0 0.82890625 0.87734375 0.09375 0.059375
0 0.8421875 0.84296875 0.078125 0.0515625
0 0.8578125 0.8109375 0.0828125 0.0625
0 0.8765625 0.7859375 0.0890625 0.065625
0 0.89609375 0.7515625 0.0875 0.0640625
0 0.9109375 0.72578125 0.0921875 0.065625
0 0.92734375 0.6984375 0.0890625 0.071875
0 0.9375 0.6625 0.0828125 0.0609375
0 0.953125 0.6359375 0.0671875 0.0640625
0 0.7375 0.9875 0.096875 0.025
0 0.9625 0.61015625 0.0578125 0.0578125
0 0.9734375 0.58125 0.0515625 0.059375
0 0.9828125 0.546875 0.034375 0.05625
0 0.9890625 0.5234375 0.021875 0.05
0 0.99765625 0.49609375 0.0046875 0.0484375
0 0.75390625 0.540625 0.06875 0.0578125
0 0.77734375 0.5171875 0.0765625 0.0640625
0 0.79609375 0.49609375 0.075 0.0671875
0 0.81015625 0.475 0.075 0.0671875
1 0.82421875 0.45 0.0796875 0.06875
0 0.840625 0.4265625 0.071875 0.059375
0 0.85859375 0.3984375 0.0765625 0.0578125
0 0.87578125 0.37734375 0.071875 0.05625
0 0.8 0.36484375 0.0765625 0.06875
1 0.77890625 0.3953125 0.0875 0.0578125
1 0.76796875 0.41171875 0.090625 0.05625
1 0.73359375 0.459375 0.0875 0.0484375
1 0.69921875 0.50859375 0.0875 0.0515625
1 0.6 0.7828125 0.08125 0.06875
1 0.61796875 0.746875 0.0953125 0.0734375
1 0.64296875 0.7171875 0.084375 0.0703125
1 0.66640625 0.69375 0.084375 0.0703125
1 0.6828125 0.65859375 0.0953125 0.090625
1 0.70546875 0.62890625 0.090625 0.0796875
1 0.725 0.6046875 0.1 0.084375
1 0.73828125 0.58203125 0.1 0.078125
1 0.57421875 0.6734375 0.096875 0.090625
0 0.53359375 0.73046875 0.1046875 0.09375
0 0.7515625 0.43828125 0.0796875 0.05625
0 0.71015625 0.48125 0.0953125 0.0734375
0 0.68359375 0.525 0.0953125 0.078125
0 0.6671875 0.55703125 0.1 0.071875
0 0.646875 0.578125 0.09375 0.0796875
0 0.62734375 0.6046875 0.0890625 0.071875
0 0.6046875 0.6359375 0.096875 0.08125
0 0.53046875 0.8796875 0.0984375 0.084375
0 0.4796875 0.9484375 0.096875 0.0734375
1 0.50703125 0.9203125 0.103125 0.0859375
1 0.665625 0.96640625 0.10625 0.0671875
1 0.6453125 0.984375 0.103125 0.03125
1 0.45859375 0.9734375 0.1015625 0.053125
1 0.440625 0.98671875 0.090625 0.0265625
1 0.33359375 0.73984375 0.090625 0.0828125
1 0.3015625 0.77734375 0.0984375 0.0890625
0 0.45859375 0.82421875 0.0984375 0.0890625
0 0.4484375 0.85703125 0.0984375 0.078125
0 0.41328125 0.88671875 0.1015625 0.0828125
0 0.38828125 0.928125 0.1046875 0.0875
0 0.36171875 0.94921875 0.1125 0.0828125
0 0.34296875 0.96328125 0.10625 0.0484375
0 0.28515625 0.7953125 0.0921875 0.0828125
0 0.259375 0.8328125 0.09375 0.0859375
0 0.20234375 0.89921875 0.0953125 0.084375
1 0.22578125 0.871875 0.1015625 0.0890625
1 0.17734375 0.91484375 0.078125 0.0390625
1 0.10625 0.8703125 0.1 0.078125
0 0.08515625 0.8765625 0.1 0.05625
0 0.27265625 0.67578125 0.0953125 0.0734375
0 0.23828125 0.71875 0.09375 0.0859375
0 0.1921875 0.7765625 0.0953125 0.090625
1 0.2125 0.7484375 0.1015625 0.0890625
0 0.16015625 0.80703125 0.0953125 0.084375
0 0.13359375 0.84453125 0.103125 0.0953125
0 0.40859375 0.6421875 0.0890625 0.084375
0 0.434375 0.6140625 0.1 0.071875
0 0.65078125 0.33515625 0.0765625 0.06875
0 0.63203125 0.3625 0.0890625 0.071875
0 0.6171875 0.384375 0.084375 0.0703125
0 0.5953125 0.4125 0.0890625 0.084375
1 0.578125 0.43671875 0.084375 0.0765625
1 0.56015625 0.45859375 0.0875 0.08125
1 0.53671875 0.48125 0.090625 0.075
0 0.5171875 0.50625 0.0921875 0.0859375
0 0.49609375 0.53203125 0.0875 0.08125
1 0.478125 0.56484375 0.0890625 0.075
1 0.45625 0.596875 0.1015625 0.075
0 0.34453125 0.59921875 0.09375 0.0796875
0 0.36953125 0.56484375 0.0859375 0.075
0 0.39140625 0.5390625 0.08125 0.075
0 0.42109375 0.515625 0.090625 0.075
0 0.44140625 0.4875 0.090625 0.075
1 0.45703125 0.46640625 0.0796875 0.06875
0 0.4796875 0.440625 0.0890625 0.071875
1 0.49765625 0.421875 0.0828125 0.0671875
1 0.51484375 0.39765625 0.084375 0.0703125
0 0.5359375 0.3734375 0.08125 0.0734375
0 0.5546875 0.35078125 0.084375 0.0703125
0 0.5765625 0.31171875 0.0859375 0.075
1 0.5875 0.3078125 0.0875 0.06875
1 0.0234375 0.7625 0.046875 0.075
1 0.04296875 0.72421875 0.0859375 0.0828125
0 0.015625 0.78515625 0.03125 0.0796875
0 0.01484375 0.66953125 0.0296875 0.0765625
1 0.025 0.6453125 0.05 0.078125
0 0.040625 0.6125 0.08125 0.078125
0 0.06171875 0.69453125 0.0953125 0.0734375
0 0.0921875 0.6625 0.0890625 0.071875
0 0.1203125 0.6328125 0.0859375 0.071875
0 0.06484375 0.57890625 0.0859375 0.071875
0 0.09140625 0.55625 0.0890625 0.075
1 0.1484375 0.60390625 0.096875 0.08125
1 0.228125 0.52421875 0.0953125 0.0734375
1 0.2546875 0.4953125 0.0921875 0.065625
1 0.2765625 0.47421875 0.0890625 0.075
1 0.1953125 0.45390625 0.08125 0.06875
0 0.171875 0.48125 0.096875 0.08125
0 0.3 0.44296875 0.0890625 0.065625
1 0.215625 0.4390625 0.08125 0.075
1 0.24140625 0.4109375 0.08125 0.075
1 0.259375 0.38984375 0.0921875 0.0703125
1 0.284375 0.3609375 0.08125 0.075
1 0.3203125 0.41953125 0.0921875 0.0703125
1 0.33828125 0.39921875 0.1 0.075
1 0.36640625 0.38046875 0.0921875 0.071875
0 0.3109375 0.33671875 0.0859375 0.075
0 0.334375 0.31796875 0.0796875 0.06875
0 0.38515625 0.34765625 0.0796875 0.06875
0 0.409375 0.32421875 0.0796875 0.06875
1 0.35 0.2921875 0.0875 0.0640625
0 0.37109375 0.271875 0.0765625 0.0625
0 0.3921875 0.25234375 0.0734375 0.059375
0 0.4140625 0.23046875 0.06875 0.0546875
1 0.42890625 0.30546875 0.08125 0.059375
0 0.44609375 0.28203125 0.0859375 0.0609375
0 0.4671875 0.25390625 0.071875 0.065625
0 0.015625 0.4859375 0.03125 0.059375