0 0.10625 0.9046875 0.090625 0.190625
0 0.125 0.8453125 0.153125 0.209375
0 0.1515625 0.80078125 0.165625 0.190625
0 0.19609375 0.74765625 0.1890625 0.2125
0 0.2453125 0.69765625 0.171875 0.1984375
0 0.2796875 0.65390625 0.18125 0.2171875
0 0.33671875 0.609375 0.1796875 0.20625
0 0.37890625 0.57421875 0.178125 0.203125
0 0.4265625 0.5125 0.16875 0.18125
0 0.47890625 0.459375 0.15625 0.165625
0 0.52109375 0.40234375 0.1515625 0.1671875
0 0.5625 0.346875 0.159375 0.184375
0 0.6078125 0.30390625 0.16875 0.1765625
0 0.65234375 0.25390625 0.1609375 0.1703125
0 0.6984375 0.209375 0.15 0.1609375
1 0.7265625 0.178125 0.1546875 0.1796875
1 0.16484375 0.9578125 0.1515625 0.084375
0 0.2078125 0.940625 0.14375 0.11875
0 0.2578125 0.91484375 0.146875 0.1703125
0 0.30390625 0.86171875 0.14375 0.1734375
0 0.7671875 0.12890625 0.1546875 0.1890625
0 0.81328125 0.084375 0.1640625 0.16875
0 0.84453125 0.06328125 0.1515625 0.1265625
0 0.8796875 0.04375 0.071875 0.0875
0 0.91171875 0.15703125 0.0828125 0.1828125
0 0.896875 0.19296875 0.125 0.1875
0 0.8671875 0.23203125 0.15 0.2046875
0 0.83046875 0.27734375 0.15625 0.2125
0 0.78828125 0.32109375 0.165625 0.196875
0 0.7421875 0.365625 0.1625 0.1890625
0 0.69609375 0.4140625 0.1484375 0.1671875
0 0.65234375 0.4609375 0.15625 0.1875
0 0.61640625 0.51015625 0.14375 0.1671875
0 0.56875 0.55234375 0.1671875 0.2
0 0.51484375 0.60234375 0.159375 0.1890625
1 0.47890625 0.65625 0.146875 0.190625
1 0.4359375 0.715625 0.1484375 0.18125
1 0.396875 0.75859375 0.159375 0.184375
1 0.35234375 0.81484375 0.1546875 0.171875
1 0.5125 0.95625 0.146875 0.0875
0 0.5625 0.92890625 0.146875 0.1421875
1 0.61171875 0.8953125 0.159375 0.1859375
0 0.66484375 0.84296875 0.178125 0.184375
0 0.71015625 0.7890625 0.1515625 0.1828125
0 0.74609375 0.72890625 0.1484375 0.178125
0 0.7875 0.675 0.1484375 0.1671875
0 0.8375 0.62890625 0.1515625 0.1953125
1 0.884375 0.5984375 0.1515625 0.1953125
0 0.92421875 0.54921875 0.1515625 0.1796875
1 0.94609375 0.5078125 0.1078125 0.184375
0 0.82734375 0.86171875 0.18125 0.178125
0 0.70546875 0.93515625 0.1578125 0.090625
0 0.9234375 0.740625 0.153125 0.203125
0 0.03203125 0.45078125 0.0640625 0.1859375
0 0.05546875 0.40546875 0.1109375 0.1953125
0 0.07421875 0.35234375 0.1484375 0.1796875
0 0.11640625 0.31484375 0.1484375 0.1734375
0 0.1625 0.25625 0.1375 0.1765625
0 0.19765625 0.21796875 0.1390625 0.159375
0 0.234375 0.14609375 0.1328125 0.1640625
0 0.271875 0.13359375 0.1390625 0.175
0 0.3296875 0.09296875 0.128125 0.1484375
0 0.38671875 0.06953125 0.1390625 0.134375
0 0.42421875 0.04375 0.1140625 0.0875