0 0.4484375 0.7359375 0.2140625 0.25625
1 0.54921875 0.7 0.19375 0.2171875
0 0.63359375 0.6484375 0.1921875 0.2109375
1 0.71328125 0.63203125 0.1734375 0.2203125
1 0.77109375 0.57890625 0.2046875 0.1984375
1 0.85 0.54921875 0.203125 0.171875
1 0.89453125 0.534375 0.1796875 0.1578125
1 0.92578125 0.50703125 0.1484375 0.1453125
0 0.9515625 0.46953125 0.096875 0.1390625
0 0.0421875 0.7234375 0.084375 0.24375
0 0.1078125 0.66171875 0.171875 0.2390625
0 0.215625 0.6203125 0.1765625 0.2203125
0 0.31953125 0.5609375 0.1734375 0.2203125
1 0.4140625 0.55390625 0.171875 0.1828125
1 0.47734375 0.52265625 0.1625 0.1625
1 0.5671875 0.5 0.146875 0.1484375
0 0.6359375 0.465625 0.1515625 0.1484375
1 0.70234375 0.44375 0.1359375 0.134375
0 0.75703125 0.40703125 0.1578125 0.14375
0 0.8265625 0.3859375 0.1359375 0.140625
0 0.87734375 0.3625 0.115625 0.1125
0 0.9203125 0.35078125 0.0984375 0.1125
0 0.95390625 0.3390625 0.0921875 0.10625
0 0.97265625 0.33125 0.0546875 0.096875
1 0.03203125 0.43828125 0.0640625 0.1171875
0 0.13359375 0.38046875 0.1109375 0.125
1 0.2078125 0.37890625 0.0921875 0.0859375
1 0.2859375 0.3609375 0.1234375 0.0890625
0 0.35 0.33828125 0.1046875 0.10625
1 0.41328125 0.3296875 0.0984375 0.0984375
0 0.4703125 0.30625 0.0953125 0.0921875
0 0.53828125 0.3140625 0.090625 0.0984375
1 0.59375 0.29375 0.078125 0.084375
0 0.62421875 0.27421875 0.0953125 0.0921875
1 0.665625 0.25625 0.0953125 0.0859375
0 0.70234375 0.24375 0.0984375 0.1046875
0 0.75390625 0.2328125 0.08125 0.084375
1 0.06171875 0.32421875 0.1078125 0.1
1 0.13515625 0.30078125 0.10625 0.1125
1 0.196875 0.284375 0.13125 0.121875
1 0.26015625 0.2875 0.1078125 0.1
1 0.31171875 0.2671875 0.1171875 0.0890625
1 0.3609375 0.26328125 0.1171875 0.0890625
1 0.4125 0.24921875 0.0984375 0.0734375
1 0.521875 0.23828125 0.0953125 0.0796875
1 0.56484375 0.2265625 0.08125 0.071875
1 0.6015625 0.2078125 0.0890625 0.084375
1 0.6421875 0.20546875 0.084375 0.078125