1 0.5875 0.865625 0.171875 0.2671875
0 0.75546875 0.85 0.1765625 0.28125
0 0.91875 0.840625 0.1609375 0.2828125
0 0.95 0.54375 0.0984375 0.2796875
0 0.85 0.54765625 0.2203125 0.3015625
0 0.70390625 0.55234375 0.15625 0.2984375
0 0.55703125 0.55 0.184375 0.33125
0 0.4203125 0.553125 0.15625 0.34375
0 0.2671875 0.565625 0.15625 0.334375
0 0.4234375 0.86328125 0.1796875 0.271875
0 0.25546875 0.865625 0.1984375 0.2671875
0 0.10078125 0.86640625 0.178125 0.265625
0 0.1234375 0.57890625 0.1421875 0.3109375
0 0.03515625 0.55859375 0.0703125 0.35625
0 0.0265625 0.146875 0.053125 0.1984375
0 0.096875 0.1453125 0.0984375 0.2140625
0 0.19609375 0.1375 0.096875 0.171875
0 0.29765625 0.134375 0.1234375 0.1796875
0 0.38984375 0.13515625 0.11875 0.1859375
0 0.48671875 0.134375 0.115625 0.2109375
0 0.5890625 0.121875 0.1234375 0.1921875
0 0.68125 0.10078125 0.121875 0.2015625
0 0.77421875 0.1 0.1203125 0.2
0 0.87421875 0.09765625 0.11875 0.1953125
0 0.9484375 0.090625 0.071875 0.18125
0 0.471875 0.028125 0.09375 0.05625
0 0.3890625 0.034375 0.0921875 0.0640625
0 0.309375 0.03984375 0.1015625 0.0671875
0 0.2234375 0.04140625 0.0953125 0.059375
1 0.56171875 0.0234375 0.09375 0.046875
0 0.73515625 0.02421875 0.0875 0.0484375