1 0.1859375 0.9515625 0.2125 0.096875
1 0.29609375 0.921875 0.1578125 0.15625
1 0.39375 0.8859375 0.165625 0.2015625
1 0.47421875 0.82734375 0.171875 0.1828125
1 0.1296875 0.78125 0.1734375 0.159375
0 0.23515625 0.728125 0.190625 0.1859375
1 0.32734375 0.68515625 0.1703125 0.1671875
0 0.42421875 0.62421875 0.1765625 0.1609375
1 0.5125 0.5921875 0.1578125 0.1546875
0 0.58125 0.54453125 0.159375 0.1875
1 0.66796875 0.49921875 0.1796875 0.171875
0 0.73203125 0.45078125 0.18125 0.178125
0 0.83359375 0.4046875 0.1734375 0.1578125
0 0.95703125 0.5359375 0.0859375 0.1875
0 0.5875 0.77890625 0.1703125 0.215625
1 0.6765625 0.73125 0.1578125 0.18125
0 0.73203125 0.675 0.1765625 0.21875
1 0.82890625 0.63828125 0.15625 0.1828125
0 0.90234375 0.58515625 0.1515625 0.1953125
0 0.9671875 0.2171875 0.0453125 0.1421875
0 0.93046875 0.17421875 0.1125 0.1265625
0 0.89140625 0.11640625 0.184375 0.13125
0 0.82578125 0.075 0.1953125 0.1265625
0 0.73828125 0.04375 0.1609375 0.0875
1 0.53203125 0.19453125 0.146875 0.1703125
0 0.446875 0.23046875 0.146875 0.134375
0 0.37734375 0.2640625 0.1671875 0.1546875
0 0.28984375 0.3171875 0.153125 0.1890625
0 0.209375 0.36875 0.1625 0.19375
0 0.12734375 0.39921875 0.1515625 0.215625
0 0.071875 0.453125 0.14375 0.234375
1 0.39921875 0.08984375 0.14375 0.1390625
1 0.30859375 0.1375 0.178125 0.1375
0 0.22578125 0.153125 0.1578125 0.1546875
0 0.16171875 0.18671875 0.184375 0.15625
0 0.07578125 0.21953125 0.1515625 0.1703125