1 0.7578125 0.7796875 0.159375 0.2515625
1 0.653125 0.8078125 0.115625 0.2703125
1 0.55703125 0.82265625 0.1328125 0.2828125
0 0.45546875 0.83359375 0.140625 0.2703125
0 0.35625 0.85078125 0.1453125 0.2875
1 0.2484375 0.8609375 0.171875 0.278125
1 0.13671875 0.8734375 0.1734375 0.253125
0 0.06953125 0.878125 0.1140625 0.24375
1 0.6046875 0.59453125 0.1 0.175
1 0.52734375 0.61015625 0.1015625 0.1578125
0 0.4421875 0.6296875 0.1109375 0.1640625
1 0.353125 0.63359375 0.1140625 0.1859375
1 0.26171875 0.6484375 0.1125 0.1765625
1 0.16640625 0.65859375 0.1328125 0.1984375
0 0.07890625 0.67109375 0.1375 0.203125
1 0.02578125 0.67734375 0.04375 0.178125
0 0.5484375 0.37578125 0.0890625 0.1203125
1 0.47890625 0.38203125 0.075 0.0953125
1 0.415625 0.38984375 0.078125 0.109375
1 0.3546875 0.4046875 0.0859375 0.125
0 0.28828125 0.40234375 0.0765625 0.121875
0 0.21875 0.4109375 0.1046875 0.1390625
1 0.14375 0.41640625 0.1109375 0.1328125
0 0.07265625 0.421875 0.0953125 0.1546875
1 0.02578125 0.43671875 0.0515625 0.1515625