1 0.896875 0.6109375 0.15 0.2015625
0 0.77734375 0.6234375 0.1328125 0.2078125
1 0.64453125 0.65703125 0.1453125 0.184375
0 0.5203125 0.66171875 0.15625 0.1890625
1 0.40078125 0.690625 0.1546875 0.1953125
1 0.2765625 0.70625 0.1765625 0.209375
1 0.14609375 0.721875 0.184375 0.2078125
0 0.10703125 0.56875 0.1171875 0.1484375
0 0.20625 0.5609375 0.134375 0.1328125
0 0.3140625 0.5453125 0.140625 0.1375
1 0.409375 0.53359375 0.15 0.1390625
0 0.50625 0.51015625 0.1375 0.14375
0 0.5921875 0.4921875 0.1171875 0.1484375
1 0.68984375 0.4875 0.15 0.140625
0 0.79609375 0.46171875 0.1375 0.153125
0 0.9125 0.465625 0.1640625 0.171875
0 0.22578125 0.4078125 0.0984375 0.1015625
0 0.29765625 0.3953125 0.0828125 0.0953125
0 0.3671875 0.3875 0.078125 0.09375
0 0.4328125 0.3796875 0.071875 0.0875
0 0.490625 0.37265625 0.0796875 0.0796875
1 0.55625 0.36640625 0.084375 0.0859375
0 0.615625 0.353125 0.078125 0.09375
0 0.6765625 0.3546875 0.0859375 0.0859375
1 0.746875 0.34609375 0.0828125 0.08125
0 0.80390625 0.325 0.090625 0.09375
1 0.87421875 0.3234375 0.1015625 0.0953125
0 0.93125 0.309375 0.10625 0.1171875