0 0.06484375 0.728125 0.071875 0.1578125
0 0.128125 0.73828125 0.1109375 0.16875
0 0.20390625 0.753125 0.0953125 0.1578125
0 0.26796875 0.76171875 0.0890625 0.1515625
0 0.32734375 0.7796875 0.0890625 0.1640625
0 0.384375 0.784375 0.090625 0.171875
0 0.44453125 0.8 0.0953125 0.175
0 0.509375 0.81015625 0.0875 0.1546875
0 0.57734375 0.815625 0.08125 0.1703125
0 0.63046875 0.83203125 0.078125 0.153125
0 0.69140625 0.8375 0.0859375 0.16875
0 0.74765625 0.840625 0.0796875 0.159375
0 0.80078125 0.84453125 0.071875 0.1421875
0 0.85859375 0.85390625 0.0765625 0.153125
0 0.9109375 0.85234375 0.0796875 0.1453125
0 0.946875 0.5953125 0.0546875 0.1328125
1 0.98125 0.60234375 0.03125 0.11875
1 0.98125 0.49609375 0.0359375 0.109375
0 0.9390625 0.47734375 0.0640625 0.115625
0 0.90234375 0.58203125 0.059375 0.1203125
0 0.8984375 0.46953125 0.0671875 0.1140625
0 0.8546875 0.4609375 0.0640625 0.1109375
0 0.859375 0.5796875 0.059375 0.134375
0 0.80703125 0.5640625 0.0625 0.115625
0 0.80859375 0.45 0.0671875 0.109375
0 0.7578125 0.4453125 0.0640625 0.096875
0 0.75390625 0.5484375 0.071875 0.121875
0 0.69921875 0.54765625 0.0578125 0.1234375
0 0.7015625 0.43671875 0.05625 0.109375
0 0.653125 0.4171875 0.0625 0.1046875
0 0.65078125 0.540625 0.059375 0.13125
0 0.5984375 0.53359375 0.0640625 0.125
0 0.603125 0.41875 0.0640625 0.109375
0 0.5515625 0.40703125 0.065625 0.1140625
0 0.53828125 0.52734375 0.0703125 0.11875
0 0.48515625 0.51015625 0.071875 0.1171875
0 0.50234375 0.39921875 0.0703125 0.1140625
0 0.4484375 0.38828125 0.0640625 0.121875
0 0.42890625 0.50625 0.0734375 0.1234375
0 0.375 0.4875 0.065625 0.1140625
0 0.40078125 0.37734375 0.0734375 0.1234375
0 0.34296875 0.36640625 0.0671875 0.11875
0 0.31875 0.4828125 0.078125 0.1234375
0 0.26640625 0.47578125 0.0625 0.115625
0 0.28984375 0.3609375 0.0578125 0.103125
0 0.34296875 0.1609375 0.0578125 0.090625
0 0.35 0.0765625 0.05625 0.0859375
0 0.403125 0.0875 0.059375 0.0859375
0 0.38984375 0.1734375 0.059375 0.0875
0 0.44765625 0.0921875 0.059375 0.090625
0 0.434375 0.18125 0.0640625 0.103125
0 0.4796875 0.184375 0.059375 0.103125
0 0.49296875 0.10078125 0.0546875 0.090625
0 0.54140625 0.1125 0.0625 0.078125
0 0.52578125 0.1984375 0.0703125 0.0953125
0 0.57421875 0.21171875 0.0625 0.1046875
0 0.58515625 0.1125 0.046875 0.0828125
0 0.6296875 0.13125 0.0578125 0.090625
0 0.6234375 0.22265625 0.0625 0.1046875
0 0.67265625 0.1390625 0.053125 0.0953125
0 0.665625 0.23515625 0.0546875 0.090625
0 0.70703125 0.24140625 0.059375 0.0984375
1 0.71484375 0.1546875 0.0515625 0.078125
0 0.75390625 0.2484375 0.0703125 0.1140625
0 0.753125 0.15546875 0.0484375 0.0890625
1 0.7984375 0.17734375 0.0484375 0.075
0 0.8421875 0.2640625 0.059375 0.0875
0 0.8359375 0.18671875 0.0515625 0.08125
0 0.8765625 0.18828125 0.05 0.071875
0 0.8828125 0.28046875 0.0578125 0.1015625
0 0.925 0.27578125 0.059375 0.103125
0 0.9671875 0.28984375 0.0640625 0.1234375
0 0.9921875 0.2953125 0.0140625 0.1078125
1 0.91875 0.1953125 0.06875 0.0890625