0 0.19375 0.771875 0.0703125 0.125
1 0.2515625 0.784375 0.08125 0.1375
0 0.3015625 0.7875 0.071875 0.15
0 0.3546875 0.7953125 0.0671875 0.13125
0 0.42578125 0.60625 0.05625 0.1015625
0 0.5140625 0.61796875 0.0546875 0.1046875
0 0.19453125 0.578125 0.0703125 0.0984375
0 0.50703125 0.54375 0.0703125 0.0859375
1 0.6671875 0.828125 0.078125 0.1328125
1 0.6109375 0.825 0.078125 0.128125
1 0.559375 0.815625 0.0859375 0.1328125
1 0.51015625 0.809375 0.0796875 0.1375
1 0.459375 0.8046875 0.075 0.1484375
1 0.40078125 0.8 0.0765625 0.1375
1 0.24296875 0.5921875 0.071875 0.09375
1 0.290625 0.5875 0.05625 0.0953125
1 0.334375 0.5953125 0.05625 0.096875
1 0.37734375 0.6015625 0.0609375 0.096875
1 0.46640625 0.6203125 0.0578125 0.103125
1 0.55625 0.6265625 0.0609375 0.0890625
1 0.65546875 0.56875 0.059375 0.071875
1 0.58515625 0.55859375 0.059375 0.075
1 0.54296875 0.5546875 0.06875 0.0796875
1 0.46328125 0.540625 0.053125 0.071875
1 0.434375 0.53046875 0.0625 0.0671875
1 0.3859375 0.5265625 0.059375 0.065625
1 0.3453125 0.52265625 0.046875 0.059375
1 0.3015625 0.52109375 0.059375 0.0640625
1 0.25625 0.5125 0.0625 0.0546875