0 0.053125 0.72578125 0.10625 0.2109375
0 0.08984375 0.64453125 0.1796875 0.2234375
0 0.16171875 0.56640625 0.1984375 0.2203125
0 0.25234375 0.4875 0.16875 0.178125
0 0.33359375 0.4234375 0.1734375 0.1765625
0 0.40390625 0.34296875 0.1703125 0.1921875
0 0.47109375 0.28046875 0.1828125 0.184375
0 0.53984375 0.2140625 0.165625 0.1609375
0 0.59609375 0.15859375 0.1625 0.1609375
0 0.65859375 0.10859375 0.153125 0.1421875
0 0.72109375 0.07265625 0.1390625 0.0921875
0 0.2875 0.95078125 0.184375 0.065625
0 0.37265625 0.91171875 0.2234375 0.1765625
0 0.44375 0.81484375 0.1890625 0.1875
0 0.503125 0.73515625 0.2 0.184375
0 0.60390625 0.653125 0.203125 0.19375
0 0.6703125 0.584375 0.1921875 0.1796875
0 0.73046875 0.49453125 0.184375 0.175
0 0.79296875 0.4234375 0.1828125 0.15
0 0.8515625 0.3546875 0.19375 0.14375
0 0.91015625 0.28828125 0.175 0.1453125
0 0.93515625 0.22265625 0.1296875 0.1484375
0 0.97265625 0.16953125 0.0546875 0.1203125
0 0.596875 0.91484375 0.221875 0.1703125
1 0.53515625 0.96875 0.1828125 0.0625
0 0.68046875 0.8546875 0.23125 0.1796875
0 0.74921875 0.7734375 0.2015625 0.16875
0 0.8296875 0.67890625 0.2015625 0.1703125
0 0.884375 0.58671875 0.203125 0.1578125
0 0.92890625 0.5109375 0.1421875 0.1375
0 0.95625 0.45703125 0.0875 0.1484375
0 0.97890625 0.3734375 0.0421875 0.140625
0 0.41328125 0.115625 0.1640625 0.1453125
0 0.484375 0.05859375 0.15625 0.1171875
0 0.53984375 0.03828125 0.1484375 0.0765625