0 0.475 0.878125 0.1640625 0.21875
0 0.4859375 0.703125 0.146875 0.178125
0 0.35 0.87109375 0.165625 0.2359375
0 0.2046875 0.8609375 0.1859375 0.2296875
0 0.08359375 0.8453125 0.1671875 0.228125
1 0.0515625 0.66484375 0.103125 0.1890625
1 0.140625 0.6828125 0.1859375 0.1953125
1 0.2515625 0.67578125 0.1828125 0.2046875
1 0.371875 0.6859375 0.153125 0.1921875
1 0.3234375 0.3890625 0.125 0.13125
0 0.5078125 0.38671875 0.1140625 0.1453125
0 0.4203125 0.38359375 0.1109375 0.1234375
0 0.24453125 0.38203125 0.1140625 0.1296875
0 0.1515625 0.3765625 0.1125 0.13125
1 0.0671875 0.37578125 0.1265625 0.1484375
0 0.02578125 0.38359375 0.04375 0.125
0 0.734375 0.38359375 0.1046875 0.1296875
0 0.82109375 0.38515625 0.121875 0.1390625
0 0.91171875 0.39765625 0.1234375 0.1453125
1 0.96640625 0.4 0.0671875 0.13125
1 0.7140625 0.2796875 0.109375 0.1109375
1 0.80625 0.28984375 0.096875 0.1125
1 0.878125 0.28984375 0.0890625 0.1171875
1 0.953125 0.29296875 0.09375 0.1203125
1 0.9890625 0.2828125 0.021875 0.109375
0 0.79296875 0.66484375 0.159375 0.2015625
0 0.8359375 0.86875 0.221875 0.2625
0 0.91171875 0.89140625 0.1109375 0.2171875
1 0.9140625 0.6640625 0.159375 0.209375
1 0.97109375 0.6734375 0.0453125 0.1953125
0 0.74921875 0.125 0.0984375 0.1234375
0 0.815625 0.12734375 0.0859375 0.1140625
1 0.8796875 0.13125 0.0875 0.1140625
0 0.93671875 0.134375 0.1 0.1328125
1 0.9765625 0.134375 0.046875 0.115625