0 0.22890625 0.7703125 0.4453125 0.459375
0 0.4375 0.73828125 0.44375 0.471875
0 0.590625 0.684375 0.3546875 0.3765625
0 0.709375 0.58671875 0.3203125 0.303125
0 0.78125 0.52734375 0.2375 0.2140625
1 0.8859375 0.4796875 0.228125 0.215625
1 0.925 0.4546875 0.15 0.203125
1 0.9609375 0.403125 0.0765625 0.1453125
1 0.1265625 0.53515625 0.253125 0.2640625
1 0.25859375 0.484375 0.2796875 0.2546875
1 0.390625 0.44375 0.2671875 0.24375
1 0.50546875 0.425 0.2375 0.21875
1 0.60703125 0.40703125 0.2375 0.203125
1 0.6875 0.38671875 0.25625 0.2078125
1 0.75234375 0.3703125 0.290625 0.20625
1 0.8328125 0.35625 0.234375 0.190625
1 0.89453125 0.33359375 0.190625 0.146875
1 0.921875 0.31953125 0.13125 0.11875
1 0.9515625 0.3078125 0.065625 0.0875
1 0.96171875 0.29453125 0.040625 0.075
1 0.040625 0.3015625 0.08125 0.146875
0 0.11328125 0.26796875 0.19375 0.1609375
0 0.2140625 0.25234375 0.178125 0.15625
0 0.31640625 0.24609375 0.175 0.1765625
0 0.409375 0.259375 0.14375 0.140625
0 0.46328125 0.23828125 0.15625 0.121875
0 0.53046875 0.2265625 0.1265625 0.10625
0 0.603125 0.2109375 0.1296875 0.1171875
0 0.66015625 0.2078125 0.1375 0.115625
0 0.71484375 0.20234375 0.140625 0.128125
1 0.75703125 0.2 0.1234375 0.1078125
0 0.79921875 0.19609375 0.1296875 0.103125
0 0.85078125 0.19140625 0.109375 0.1015625
0 0.8953125 0.1890625 0.1125 0.09375
0 0.925 0.19140625 0.0921875 0.10625
0 0.93671875 0.18359375 0.06875 0.115625
0 0.95546875 0.1765625 0.0296875 0.1109375