0 0.015625 0.8453125 0.03125 0.146875
0 0.0515625 0.80859375 0.103125 0.1578125
0 0.1 0.7828125 0.1265625 0.1703125
0 0.17109375 0.7515625 0.14375 0.1671875
1 0.23359375 0.728125 0.1484375 0.1484375
0 0.3046875 0.69609375 0.1484375 0.15
0 0.36875 0.66171875 0.140625 0.1671875
0 0.44140625 0.6328125 0.146875 0.1640625
0 0.490625 0.59375 0.1375 0.1578125
0 0.5578125 0.56640625 0.1296875 0.153125
0 0.625 0.54140625 0.134375 0.1546875
0 0.6921875 0.51171875 0.140625 0.1546875
0 0.7453125 0.4734375 0.1453125 0.171875
0 0.81875 0.453125 0.14375 0.1625
0 0.8734375 0.42578125 0.14375 0.1640625
0 0.93671875 0.39140625 0.1265625 0.1640625
0 0.32421875 0.96015625 0.1203125 0.0609375
0 0.39296875 0.9484375 0.1265625 0.0984375
0 0.453125 0.9375 0.146875 0.125
0 0.52109375 0.91796875 0.1484375 0.1640625
0 0.58203125 0.8890625 0.1421875 0.171875
0 0.64609375 0.8625 0.1546875 0.1609375
0 0.709375 0.83515625 0.1484375 0.1734375
0 0.77578125 0.81015625 0.171875 0.1828125
0 0.8328125 0.76640625 0.153125 0.1609375
0 0.89921875 0.7375 0.15625 0.165625
0 0.93515625 0.703125 0.1078125 0.1640625
0 0.94375 0.87421875 0.0578125 0.1828125
0 0.9078125 0.9 0.121875 0.1796875
0 0.8578125 0.93203125 0.14375 0.1359375
0 0.81015625 0.94609375 0.1359375 0.1078125
0 0.7265625 0.95390625 0.11875 0.0921875
0 0.65859375 0.96171875 0.1140625 0.0765625
0 0.01328125 0.65703125 0.0265625 0.1828125
0 0.04765625 0.63515625 0.0953125 0.1890625
0 0.1015625 0.60546875 0.1265625 0.178125
0 0.1671875 0.5875 0.1203125 0.175
0 0.23203125 0.565625 0.14375 0.1921875
0 0.30234375 0.528125 0.125 0.1671875
0 0.36171875 0.49375 0.1265625 0.1765625
0 0.41875 0.44609375 0.1296875 0.1703125
0 0.484375 0.42578125 0.1421875 0.1765625
1 0.5453125 0.40625 0.1390625 0.1671875
0 0.61328125 0.3859375 0.1390625 0.15625
0 0.665625 0.34453125 0.121875 0.159375
0 0.73125 0.32109375 0.128125 0.140625
0 0.8 0.2890625 0.121875 0.1359375
0 0.859375 0.25078125 0.1296875 0.1484375
0 0.921875 0.22265625 0.1328125 0.14375
0 0.95703125 0.1953125 0.0859375 0.146875
0 0.04375 0.33125 0.0734375 0.15625
0 0.07578125 0.29296875 0.1265625 0.146875
0 0.13671875 0.2609375 0.1265625 0.153125
0 0.2078125 0.24609375 0.1359375 0.14375
0 0.26796875 0.21171875 0.1296875 0.1375
0 0.3328125 0.18515625 0.1421875 0.15
0 0.396875 0.1578125 0.1328125 0.14375
0 0.459375 0.12578125 0.134375 0.1546875
0 0.5203125 0.09609375 0.1375 0.1546875
0 0.584375 0.0765625 0.15 0.153125
0 0.634375 0.06328125 0.1421875 0.115625
0 0.7078125 0.05234375 0.11875 0.0765625
0 0.04296875 0.17578125 0.0390625 0.1484375
0 0.08125 0.134375 0.10625 0.16875
1 0.12421875 0.1 0.15625 0.153125
0 0.1890625 0.08046875 0.146875 0.1609375
1 0.2515625 0.06953125 0.14375 0.1390625
0 0.3203125 0.0453125 0.109375 0.090625
0 0.39609375 0.03359375 0.0921875 0.0671875