0 0.05859375 0.628125 0.1171875 0.265625
0 0.0125 0.6765625 0.025 0.253125
0 0.1328125 0.5875 0.1640625 0.2515625
0 0.228125 0.559375 0.15 0.23125
0 0.31328125 0.521875 0.165625 0.234375
1 0.4046875 0.53671875 0.15625 0.2171875
1 0.475 0.509375 0.153125 0.2125
0 0.5421875 0.46796875 0.178125 0.2046875
0 0.61484375 0.44609375 0.1515625 0.2078125
0 0.678125 0.42265625 0.171875 0.2234375
0 0.7453125 0.40078125 0.1515625 0.1890625
1 0.803125 0.39921875 0.140625 0.1859375
0 0.85390625 0.37578125 0.140625 0.190625
0 0.90546875 0.35703125 0.153125 0.1984375
0 0.93515625 0.3453125 0.128125 0.19375
0 0.9640625 0.309375 0.0703125 0.1953125
0 0.9859375 0.303125 0.0265625 0.178125
0 0.346875 0.93828125 0.1921875 0.1171875
0 0.4359375 0.91328125 0.2203125 0.171875
0 0.53203125 0.8796875 0.25 0.2390625
1 0.6109375 0.85859375 0.240625 0.28125
0 0.6859375 0.8421875 0.2140625 0.296875
0 0.77890625 0.8140625 0.2 0.2875
1 0.840625 0.775 0.1828125 0.259375
0 0.8875 0.73203125 0.190625 0.2765625
0 0.921875 0.69140625 0.1375 0.2359375
0 0.79296875 0.975 0.196875 0.0484375
0 0.84375 0.95546875 0.1265625 0.0875
0 0.05625 0.38125 0.1125 0.23125
0 0.13359375 0.3453125 0.1359375 0.2296875
0 0.21875 0.3265625 0.1421875 0.2203125
0 0.29453125 0.315625 0.140625 0.2125
0 0.38125 0.29375 0.1234375 0.190625
0 0.4390625 0.28125 0.1421875 0.1984375
0 0.4984375 0.2703125 0.1265625 0.1859375
0 0.56171875 0.253125 0.1234375 0.178125
0 0.61328125 0.240625 0.1265625 0.171875
1 0.66875 0.23984375 0.1171875 0.159375
0 0.72734375 0.21875 0.128125 0.1796875
0 0.78203125 0.18828125 0.128125 0.184375
0 0.8296875 0.16875 0.125 0.15625
0 0.8796875 0.1625 0.1296875 0.16875
0 0.1125 0.09296875 0.0921875 0.184375
0 0.1640625 0.0984375 0.1390625 0.196875
0 0.23359375 0.0828125 0.13125 0.165625
1 0.30078125 0.0828125 0.11875 0.1484375
1 0.359375 0.07890625 0.121875 0.1578125
0 0.40546875 0.0703125 0.1171875 0.140625
0 0.46484375 0.05625 0.1234375 0.1125
0 0.521875 0.05234375 0.109375 0.1046875
0 0.2671875 0.03046875 0.10625 0.0609375
0 0.334375 0.028125 0.0984375 0.05625
0 0.57109375 0.04765625 0.090625 0.0953125
0 0.925 0.17109375 0.121875 0.15625
0 0.96015625 0.165625 0.078125 0.134375