1 0.57578125 0.13984375 0.1875 0.1875
1 0.0859375 0.65078125 0.171875 0.2390625
1 0.07109375 0.803125 0.1421875 0.2453125
1 0.0734375 0.89921875 0.146875 0.0984375
0 0.5578125 0.26484375 0.1953125 0.16875
0 0.53125 0.40546875 0.2171875 0.196875
0 0.50703125 0.5875 0.1984375 0.1875
0 0.478125 0.74296875 0.2203125 0.196875
0 0.453125 0.896875 0.23125 0.2046875
0 0.1 0.4828125 0.2 0.1640625
0 0.1484375 0.32265625 0.196875 0.18125
0 0.1796875 0.1703125 0.1953125 0.16875
0 0.20390625 0.0578125 0.1984375 0.115625