0 0.15625 0.7 0.3125 0.484375
0 0.265625 0.7296875 0.290625 0.4734375
1 0.40859375 0.765625 0.2984375 0.46875
0 0.55078125 0.7765625 0.3203125 0.446875
0 0.6953125 0.77421875 0.3625 0.4515625
0 0.8125 0.778125 0.346875 0.44375
0 0.8875 0.78203125 0.2125 0.4359375
0 0.115625 0.33046875 0.2140625 0.3390625
0 0.2375 0.3328125 0.253125 0.353125
0 0.35078125 0.3453125 0.240625 0.359375
0 0.46484375 0.359375 0.2484375 0.3796875
0 0.57890625 0.378125 0.246875 0.3796875
0 0.68984375 0.396875 0.240625 0.3765625
0 0.81640625 0.4046875 0.25625 0.3796875
0 0.9015625 0.41328125 0.196875 0.3890625
0 0.95546875 0.4 0.0890625 0.41875