0 0.97734375 0.7546875 0.04375 0.396875
0 0.93671875 0.75703125 0.11875 0.40625
0 0.8578125 0.765625 0.11875 0.4078125
0 0.90703125 0.125 0.0859375 0.25
1 0.84765625 0.1234375 0.0921875 0.246875
0 0.78125 0.1234375 0.0859375 0.246875
0 0.721875 0.12265625 0.0859375 0.2453125
0 0.6546875 0.13203125 0.09375 0.2640625
0 0.5921875 0.1359375 0.090625 0.271875
0 0.5296875 0.1375 0.090625 0.275
0 0.4703125 0.153125 0.1015625 0.30625
0 0.40546875 0.1515625 0.09375 0.2953125
1 0.3453125 0.1671875 0.10625 0.3171875
0 0.2875 0.1578125 0.109375 0.2875
0 0.1671875 0.1890625 0.0984375 0.328125
1 0.103125 0.184375 0.1125 0.3078125
0 0.05546875 0.19375 0.1109375 0.31875
0 0.0265625 0.1859375 0.053125 0.296875
1 0.775 0.7890625 0.109375 0.375
1 0.7015625 0.81171875 0.109375 0.34375
1 0.6203125 0.81640625 0.1015625 0.3484375
0 0.53984375 0.80625 0.109375 0.38125
0 0.38046875 0.80859375 0.1140625 0.38125
0 0.30390625 0.78046875 0.1171875 0.4375
0 0.23359375 0.8046875 0.121875 0.3890625
0 0.0734375 0.8015625 0.1296875 0.3953125
0 0.0390625 0.8234375 0.0546875 0.3515625