1 0.8140625 0.57578125 0.203125 0.19375
0 0.7765625 0.7484375 0.196875 0.2375
0 0.57421875 0.6671875 0.1515625 0.221875
0 0.6671875 0.525 0.175 0.1734375
0 0.52265625 0.4484375 0.1890625 0.1453125
0 0.41328125 0.60234375 0.203125 0.1984375
0 0.2796875 0.528125 0.15 0.1546875
0 0.3828125 0.40625 0.1453125 0.140625
0 0.28515625 0.36328125 0.153125 0.146875
0 0.17265625 0.5 0.1703125 0.1828125
0 0.06328125 0.459375 0.1265625 0.165625
0 0.1828125 0.35859375 0.1265625 0.1234375
0 0.07890625 0.30546875 0.1453125 0.1109375
0 0.04609375 0.278125 0.0921875 0.140625
0 0.8796875 0.36015625 0.1390625 0.1359375
0 0.740625 0.3203125 0.1421875 0.128125
0 0.634375 0.26640625 0.1171875 0.1171875
0 0.5359375 0.2484375 0.1171875 0.109375
0 0.44140625 0.2171875 0.128125 0.103125
0 0.3609375 0.19375 0.109375 0.0984375
0 0.2796875 0.1734375 0.13125 0.1109375
0 0.19453125 0.15234375 0.11875 0.1
0 0.11953125 0.140625 0.1359375 0.109375
0 0.046875 0.12265625 0.09375 0.1140625
0 0.01953125 0.09375 0.0390625 0.0875
0 0.91796875 0.2828125 0.1234375 0.0984375
0 0.7984375 0.23203125 0.1421875 0.103125
0 0.67421875 0.2 0.13125 0.103125
0 0.5828125 0.17421875 0.1015625 0.096875
0 0.4921875 0.15390625 0.1046875 0.1109375
0 0.415625 0.128125 0.115625 0.1078125
0 0.3390625 0.1 0.1328125 0.096875
0 0.2265625 0.08203125 0.1 0.0984375
0 0.15234375 0.0578125 0.1109375 0.0953125
0 0.94375 0.17109375 0.09375 0.0953125
0 0.95546875 0.1078125 0.065625 0.078125
0 0.88203125 0.08046875 0.0921875 0.0953125
0 0.83671875 0.1265625 0.1015625 0.096875
0 0.803125 0.059375 0.08125 0.0859375
0 0.73828125 0.10859375 0.1015625 0.096875
0 0.67265625 0.08828125 0.1140625 0.1078125
0 0.58515625 0.075 0.103125 0.1078125
0 0.51484375 0.05234375 0.0953125 0.1046875
0 0.45859375 0.04140625 0.0953125 0.0828125
0 0.396875 0.034375 0.0875 0.0640625
0 0.33203125 0.03046875 0.096875 0.053125
0 0.26328125 0.02734375 0.1 0.0421875
0 0.21328125 0.0171875 0.0875 0.01875
0 0.15546875 0.0171875 0.0828125 0.0125
1 0.73515625 0.06015625 0.0734375 0.0765625
0 0.64140625 0.0359375 0.0734375 0.071875
0 0.56953125 0.03046875 0.0609375 0.0609375
0 0.521875 0.01953125 0.071875 0.0390625
1 0.4546875 0.0125 0.0640625 0.0234375
0 0.96015625 0.04921875 0.0515625 0.071875
0 0.89609375 0.03046875 0.0890625 0.0609375
0 0.8203125 0.0203125 0.08125 0.040625
0 0.75625 0.01640625 0.08125 0.0328125
0 0.6953125 0.01328125 0.065625 0.0265625