1 0.10234375 0.6828125 0.1890625 0.2421875
0 0.2265625 0.67109375 0.1796875 0.2453125
1 0.375 0.6765625 0.190625 0.225
0 0.50859375 0.65234375 0.2046875 0.2328125
1 0.64140625 0.65703125 0.2 0.2375
1 0.7765625 0.64609375 0.2265625 0.25625
1 0.9 0.63125 0.2 0.25625
0 0.92421875 0.46015625 0.1515625 0.1796875
0 0.81796875 0.475 0.16875 0.1671875
0 0.70078125 0.48359375 0.175 0.1734375
1 0.596875 0.4921875 0.1859375 0.1765625
0 0.4890625 0.48828125 0.171875 0.178125
0 0.39375 0.48984375 0.1515625 0.1796875
1 0.2890625 0.50703125 0.1859375 0.1796875
0 0.1703125 0.503125 0.175 0.1875
0 0.0765625 0.53046875 0.153125 0.2109375
0 0.76328125 0.3171875 0.1234375 0.1265625
0 0.684375 0.31953125 0.1078125 0.11875
0 0.60859375 0.32734375 0.1 0.1140625
0 0.5375 0.334375 0.09375 0.1078125
0 0.4734375 0.33984375 0.1015625 0.1015625
1 0.40390625 0.34765625 0.10625 0.10625
0 0.33828125 0.34609375 0.1 0.1140625
0 0.27265625 0.3625 0.1078125 0.1078125
1 0.19609375 0.36875 0.1046875 0.1015625
0 0.13203125 0.35859375 0.1140625 0.115625
1 0.059375 0.3734375 0.11875 0.121875
0 0.03046875 0.36875 0.0609375 0.134375