0 0.51875 0.74765625 0.203125 0.2453125
1 0.4296875 0.69609375 0.1828125 0.2078125
0 0.35859375 0.6296875 0.1828125 0.2
1 0.28671875 0.59921875 0.1625 0.2109375
1 0.2421875 0.53828125 0.1953125 0.190625
1 0.17265625 0.49453125 0.1921875 0.165625
1 0.134375 0.47265625 0.171875 0.1515625
1 0.09375 0.43515625 0.165625 0.1328125
0 0.06875 0.3984375 0.1359375 0.1359375
0 0.928125 0.81875 0.1296875 0.2375
0 0.8546875 0.7390625 0.1609375 0.23125
0 0.759375 0.68125 0.1671875 0.2125
0 0.67265625 0.60390625 0.1625 0.2109375
1 0.58359375 0.58125 0.1640625 0.175
1 0.5296875 0.53828125 0.1546875 0.15625
1 0.45 0.50078125 0.140625 0.1421875
0 0.39140625 0.4546875 0.14375 0.1421875
1 0.33203125 0.42109375 0.1296875 0.1296875
0 0.2875 0.3765625 0.15 0.1359375
0 0.22578125 0.34375 0.1296875 0.134375
0 0.18203125 0.31171875 0.1109375 0.1078125
0 0.14296875 0.2921875 0.09375 0.10625
0 0.109375 0.2734375 0.096875 0.1015625
0 0.0796875 0.25859375 0.084375 0.0875
1 0.9671875 0.54375 0.065625 0.1078125
0 0.88125 0.46640625 0.1046875 0.121875
1 0.81171875 0.45078125 0.0890625 0.08125
1 0.740625 0.41953125 0.11875 0.084375
0 0.684375 0.3859375 0.1 0.1015625
1 0.6265625 0.365625 0.0921875 0.0953125
0 0.57734375 0.3328125 0.0921875 0.0890625
0 0.5109375 0.32734375 0.0859375 0.09375
1 0.46171875 0.2984375 0.075 0.08125
0 0.4375 0.27421875 0.0921875 0.0890625
1 0.40234375 0.2484375 0.0921875 0.0828125
0 0.3703125 0.23046875 0.09375 0.1015625
0 0.321875 0.2109375 0.078125 0.08125
1 0.95390625 0.42578125 0.0921875 0.0953125
1 0.89453125 0.38984375 0.1 0.1078125
1 0.8390625 0.3625 0.125 0.1171875
1 0.7796875 0.35390625 0.103125 0.0953125
1 0.734375 0.325 0.1125 0.084375
1 0.68828125 0.31171875 0.1125 0.084375
1 0.6421875 0.28828125 0.09375 0.0703125
1 0.540625 0.25859375 0.090625 0.0765625
1 0.50234375 0.2390625 0.0765625 0.06875
1 0.471875 0.21484375 0.084375 0.08125
1 0.43359375 0.2046875 0.08125 0.075