0 0.09375 0.2796875 0.184375 0.3734375
0 0.21171875 0.30390625 0.178125 0.3609375
0 0.33671875 0.3203125 0.1828125 0.35625
0 0.4546875 0.346875 0.1796875 0.36875
0 0.58359375 0.34609375 0.1828125 0.36875
0 0.70390625 0.36328125 0.171875 0.3671875
0 0.8328125 0.38046875 0.1734375 0.36875
0 0.9359375 0.3796875 0.128125 0.38125
0 0.91328125 0.7515625 0.16875 0.36875
0 0.78671875 0.73203125 0.1796875 0.3734375
0 0.6609375 0.70859375 0.1703125 0.36875
0 0.5328125 0.703125 0.18125 0.384375
0 0.39609375 0.6890625 0.184375 0.3828125
0 0.2765625 0.66875 0.1796875 0.3703125
0 0.15234375 0.65625 0.1796875 0.3796875
0 0.05703125 0.6421875 0.1140625 0.378125