0 0.06484375 0.421875 0.1296875 0.321875
1 0.103125 0.5078125 0.20625 0.3875
0 0.10078125 0.628125 0.2015625 0.334375
0 0.01953125 0.79140625 0.0390625 0.2640625
0 0.1421875 0.71015625 0.2484375 0.36875
0 0.16484375 0.80546875 0.2546875 0.34375
1 0.225 0.84375 0.2515625 0.28125
0 0.28671875 0.90859375 0.1984375 0.159375
0 0.03515625 0.8609375 0.0703125 0.153125
0 0.32890625 0.09921875 0.1828125 0.1984375
0 0.284375 0.05546875 0.159375 0.1109375
0 0.3625 0.175 0.184375 0.26875
0 0.3828125 0.2640625 0.171875 0.2609375
0 0.40859375 0.36171875 0.1984375 0.3015625
0 0.4234375 0.4484375 0.1984375 0.3078125
1 0.46328125 0.521875 0.1890625 0.3015625
1 0.49453125 0.60234375 0.1953125 0.271875
0 0.525 0.6875 0.2015625 0.309375
0 0.56640625 0.77421875 0.184375 0.278125
0 0.58515625 0.83515625 0.2234375 0.3296875
1 0.6203125 0.88984375 0.20625 0.2203125
1 0.66875 0.9453125 0.1625 0.109375
1 0.70625 0.98984375 0.1375 0.0203125
1 0.89375 0.9875 0.1125 0.025
1 0.85546875 0.946875 0.1265625 0.10625
0 0.815625 0.9078125 0.146875 0.184375
0 0.78203125 0.88125 0.1578125 0.2375
0 0.7609375 0.8328125 0.1625 0.321875
0 0.7265625 0.74375 0.165625 0.3109375
0 0.640625 0.5171875 0.1484375 0.2984375
0 0.6171875 0.4421875 0.1375 0.278125
1 0.5890625 0.3625 0.14375 0.315625
1 0.55859375 0.26640625 0.1859375 0.3078125
1 0.53984375 0.203125 0.1578125 0.271875
1 0.5046875 0.125 0.1625 0.25
1 0.4671875 0.0828125 0.15 0.165625
0 0.89453125 0.4921875 0.1578125 0.246875
1 0.921875 0.5546875 0.15625 0.234375
1 0.9390625 0.6265625 0.121875 0.28125
1 0.94609375 0.69296875 0.103125 0.3109375
1 0.96171875 0.75703125 0.0546875 0.253125