0 0.96953125 0.7921875 0.059375 0.35
0 0.91328125 0.79609375 0.1125 0.35
0 0.9609375 0.14765625 0.0515625 0.2953125
1 0.9171875 0.1453125 0.090625 0.2875
0 0.84609375 0.14375 0.0859375 0.2875
0 0.784375 0.14140625 0.0859375 0.2828125
0 0.715625 0.15546875 0.090625 0.29375
0 0.64921875 0.1546875 0.0921875 0.309375
0 0.584375 0.15703125 0.0921875 0.3140625
0 0.52265625 0.18203125 0.0984375 0.321875
0 0.45546875 0.1703125 0.09375 0.328125
1 0.39140625 0.1859375 0.10625 0.35
0 0.33046875 0.17265625 0.109375 0.328125
0 0.2046875 0.20390625 0.1015625 0.371875
1 0.1375 0.196875 0.1140625 0.3515625
0 0.08515625 0.20546875 0.1171875 0.359375
0 0.04296875 0.19921875 0.0859375 0.340625
0 0.0046875 0.1984375 0.009375 0.328125
1 0.8265625 0.81953125 0.1015625 0.315625
1 0.75 0.8421875 0.103125 0.28125
1 0.665625 0.84453125 0.0953125 0.2875
0 0.58125 0.83359375 0.1015625 0.321875
0 0.41484375 0.83515625 0.1078125 0.328125
0 0.33515625 0.80546875 0.109375 0.3875
0 0.2609375 0.8296875 0.1140625 0.3390625
0 0.0875 0.825 0.1375 0.3484375
0 0.046875 0.846875 0.0671875 0.3046875