0 0.140625 0.9015625 0.1 0.134375
1 0.2140625 0.90390625 0.1140625 0.146875
0 0.275 0.89921875 0.1078125 0.1671875
0 0.3421875 0.9078125 0.1 0.1640625
0 0.38671875 0.66328125 0.084375 0.1328125
0 0.49765625 0.659375 0.08125 0.1375
0 0.09609375 0.678125 0.1 0.13125
0 0.47265625 0.56953125 0.096875 0.115625
1 0.73125 0.884375 0.115625 0.1765625
1 0.66171875 0.8921875 0.1140625 0.16875
1 0.59609375 0.8921875 0.1234375 0.178125
1 0.53515625 0.89609375 0.1171875 0.1796875
1 0.4703125 0.90078125 0.1109375 0.1953125
1 0.4 0.90625 0.1125 0.1796875
1 0.15859375 0.6859375 0.1015625 0.1265625
1 0.215625 0.6703125 0.0828125 0.125
1 0.27265625 0.67109375 0.0828125 0.128125
1 0.3265625 0.66875 0.0875 0.128125
1 0.43984375 0.671875 0.084375 0.1359375
1 0.5515625 0.6609375 0.0859375 0.11875
1 0.6609375 0.56640625 0.0828125 0.096875
1 0.571875 0.5703125 0.08125 0.1
1 0.51953125 0.57421875 0.09375 0.10625
1 0.41875 0.575 0.075 0.0953125
1 0.38125 0.56796875 0.084375 0.0921875
1 0.3203125 0.57421875 0.08125 0.090625
1 0.2703125 0.578125 0.065625 0.0796875
1 0.21640625 0.58515625 0.08125 0.0875
1 0.15625 0.58359375 0.084375 0.0765625