0 0.915625 0.84453125 0.16875 0.2203125
0 0.70625 0.85546875 0.2953125 0.2734375
0 0.44921875 0.8828125 0.2796875 0.234375
0 0.19296875 0.903125 0.3015625 0.19375
0 0.86484375 0.4734375 0.215625 0.1984375
0 0.978125 0.44609375 0.04375 0.1453125
0 0.640625 0.5015625 0.21875 0.171875
0 0.4140625 0.5421875 0.25 0.1859375
0 0.203125 0.5703125 0.253125 0.16875
0 0.046875 0.5921875 0.09375 0.146875
0 0.05625 0.45546875 0.1125 0.1328125
1 0.2125 0.4296875 0.209375 0.1484375
1 0.40703125 0.421875 0.2234375 0.1515625
1 0.60625 0.37890625 0.2078125 0.159375
1 0.8203125 0.34296875 0.19375 0.1546875
1 0.95859375 0.31953125 0.05625 0.109375
1 0.8921875 0.09453125 0.1234375 0.1171875
1 0.74609375 0.11484375 0.1703125 0.128125
1 0.5671875 0.12421875 0.1703125 0.1109375
1 0.38671875 0.146875 0.18125 0.1015625
1 0.21171875 0.16640625 0.1796875 0.1046875
1 0.05546875 0.19140625 0.1109375 0.0984375
1 0.05703125 0.10234375 0.1140625 0.1015625
1 0.20625 0.07890625 0.1578125 0.1015625
1 0.3859375 0.0609375 0.159375 0.0890625
1 0.5515625 0.0421875 0.165625 0.084375
1 0.71171875 0.03984375 0.1703125 0.0796875
1 0.865625 0.03046875 0.15 0.0609375