1 0.871875 0.66640625 0.25625 0.3078125
1 0.69765625 0.61171875 0.33125 0.3890625
1 0.365625 0.475 0.23125 0.2703125
1 0.425 0.346875 0.2359375 0.1734375
1 0.428125 0.1578125 0.125 0.1359375
1 0.51640625 0.1703125 0.13125 0.1328125
1 0.61953125 0.19921875 0.14375 0.134375
1 0.93515625 0.33984375 0.1140625 0.178125
0 0.86796875 0.49453125 0.2640625 0.2703125
0 0.7078125 0.4296875 0.290625 0.2515625
0 0.55859375 0.34765625 0.290625 0.25
0 0.25390625 0.38828125 0.1921875 0.23125
0 0.5171875 0.5203125 0.246875 0.33125
0 0.15390625 0.32265625 0.2015625 0.2265625
0 0.09609375 0.27734375 0.1546875 0.1859375
0 0.021875 0.23359375 0.04375 0.1359375
1 0.0421875 0.26640625 0.084375 0.1640625
1 0.353125 0.28125 0.171875 0.1296875
0 0.2453125 0.21015625 0.2 0.146875
0 0.06171875 0.1375 0.1234375 0.128125
0 0.17265625 0.09453125 0.0921875 0.0859375
0 0.28515625 0.09375 0.1078125 0.1296875
0 0.35078125 0.11640625 0.1328125 0.1734375
1 0.0734375 0.1984375 0.13125 0.1125
1 0.91796875 0.23828125 0.0953125 0.1265625
1 0.71875 0.14921875 0.1609375 0.128125
1 0.83515625 0.1765625 0.184375 0.1484375
0 0.73359375 0.1953125 0.1921875 0.2265625
0 0.83828125 0.24765625 0.165625 0.1953125
1 0.625 0.1359375 0.153125 0.128125
1 0.5421875 0.10546875 0.1515625 0.109375
1 0.4515625 0.084375 0.1578125 0.1171875
0 0.38828125 0.059375 0.1671875 0.11875
1 0.22421875 0.084375 0.0921875 0.0859375
1 0.125 0.0921875 0.0734375 0.059375
1 0.88828125 0.0546875 0.0671875 0.0765625
1 0.83828125 0.040625 0.1515625 0.08125
1 0.765625 0.03125 0.1375 0.0625
1 0.68359375 0.02109375 0.1296875 0.0421875
1 0.36640625 0.021875 0.06875 0.0234375
1 0.41953125 0.0140625 0.0671875 0.028125
1 0.4734375 0.01640625 0.075 0.0328125
1 0.52890625 0.028125 0.0921875 0.05625
1 0.59921875 0.04140625 0.1078125 0.0828125
1 0.6734375 0.0453125 0.11875 0.090625
1 0.75703125 0.05390625 0.1 0.0828125
1 0.83828125 0.07890625 0.121875 0.0953125
1 0.90625 0.115625 0.065625 0.109375