0 0.33515625 0.96640625 0.1796875 0.0671875
0 0.47109375 0.92578125 0.2234375 0.1484375
0 0.5625 0.87890625 0.2375 0.2421875
0 0.64453125 0.81328125 0.228125 0.23125
0 0.72890625 0.75078125 0.2296875 0.24375
1 0.7953125 0.684375 0.2203125 0.234375
0 0.86171875 0.63515625 0.2265625 0.209375
0 0.90703125 0.5765625 0.1859375 0.203125
0 0.9359375 0.52578125 0.128125 0.1765625
0 0.0640625 0.6984375 0.09375 0.1578125
0 0.12265625 0.65546875 0.1578125 0.1796875
1 0.2109375 0.609375 0.1625 0.1796875
0 0.284375 0.57421875 0.165625 0.1859375
1 0.35703125 0.52578125 0.15625 0.1703125
0 0.4328125 0.4828125 0.153125 0.1765625
0 0.4890625 0.44453125 0.153125 0.1625
1 0.54921875 0.41328125 0.134375 0.15
1 0.60078125 0.384375 0.1375 0.1421875
0 0.64765625 0.33984375 0.1453125 0.153125
0 0.696875 0.3015625 0.1359375 0.1578125
0 0.7515625 0.278125 0.1421875 0.1515625
0 0.79140625 0.24375 0.1265625 0.134375
0 0.83984375 0.2171875 0.14375 0.15625
0 0.0609375 0.52109375 0.121875 0.1703125
0 0.1203125 0.49140625 0.1234375 0.1421875
0 0.1953125 0.45546875 0.1359375 0.1515625
1 0.25625 0.4359375 0.125 0.1296875
1 0.32734375 0.3984375 0.1390625 0.140625
1 0.38125 0.3671875 0.1265625 0.1375
0 0.43359375 0.34296875 0.1359375 0.1390625
0 0.4953125 0.3109375 0.1265625 0.1296875
1 0.53828125 0.2875 0.1296875 0.15
1 0.5796875 0.2484375 0.1375 0.1421875
1 0.62578125 0.21796875 0.1453125 0.15
1 0.659375 0.203125 0.125 0.1203125
1 0.696875 0.18671875 0.1296875 0.1328125
0 0.37578125 0.1875 0.1109375 0.1234375
0 0.43046875 0.16328125 0.1109375 0.1234375
1 0.47421875 0.1609375 0.1109375 0.1203125
1 0.528125 0.1328125 0.1171875 0.1171875
0 0.56015625 0.0984375 0.115625 0.1078125
0 0.60703125 0.07265625 0.1109375 0.103125