0 0.25390625 0.81640625 0.31875 0.2828125
0 0.07109375 0.7578125 0.1421875 0.265625
0 0.10625 0.57265625 0.2125 0.2140625
0 0.359375 0.48671875 0.2640625 0.2078125
0 0.25703125 0.22890625 0.19375 0.1390625
0 0.30703125 0.146875 0.178125 0.1203125
0 0.4890625 0.12578125 0.1875 0.1234375
0 0.515625 0.05078125 0.1734375 0.09375
0 0.71015625 0.73125 0.2390625 0.28125
0 0.8890625 0.7734375 0.171875 0.2671875
0 0.90546875 0.58203125 0.1734375 0.1671875
0 0.7234375 0.5296875 0.2171875 0.171875
0 0.7421875 0.40078125 0.2 0.153125
0 0.90703125 0.4453125 0.175 0.1515625
0 0.90703125 0.33828125 0.159375 0.125
0 0.903125 0.25078125 0.159375 0.115625
0 0.76328125 0.2265625 0.1703125 0.1296875
0 0.765625 0.13046875 0.1515625 0.1078125
0 0.77421875 0.0765625 0.1359375 0.0734375
0 0.89765625 0.1625 0.15625 0.10625
0 0.8921875 0.1140625 0.128125 0.0765625
1 0.3046875 0.6296875 0.275 0.225
1 0.16484375 0.43984375 0.2171875 0.1796875
1 0.2140625 0.33125 0.2078125 0.1609375
1 0.39921875 0.37421875 0.23125 0.15
1 0.42578125 0.28671875 0.228125 0.178125
1 0.4609375 0.19140625 0.209375 0.140625
1 0.3328125 0.084375 0.146875 0.1078125
1 0.35859375 0.0390625 0.1671875 0.078125
1 0.521875 0.0234375 0.1625 0.046875
1 0.11796875 0.03515625 0.0515625 0.0703125