0 0.0953125 0.85859375 0.090625 0.15625
0 0.13671875 0.84921875 0.0875 0.171875
1 0.0890625 0.71015625 0.084375 0.1421875
1 0.13984375 0.7171875 0.084375 0.1421875
1 0.18671875 0.846875 0.078125 0.159375
0 0.1859375 0.70859375 0.0828125 0.153125
0 0.2296875 0.7125 0.0828125 0.1484375
0 0.2359375 0.85390625 0.090625 0.1625
0 0.284375 0.8453125 0.0765625 0.159375
1 0.28046875 0.70703125 0.0703125 0.1390625
1 0.32734375 0.84296875 0.0828125 0.153125
1 0.378125 0.8421875 0.0875 0.1625
1 0.4265625 0.8453125 0.078125 0.1484375
0 0.3265625 0.703125 0.0796875 0.140625
1 0.3703125 0.70078125 0.0859375 0.1390625
1 0.41953125 0.70234375 0.078125 0.140625
1 0.46171875 0.7 0.0796875 0.140625
1 0.50546875 0.69453125 0.078125 0.140625
0 0.46796875 0.83359375 0.0796875 0.15625
0 0.5171875 0.83515625 0.084375 0.15
0 0.56640625 0.834375 0.0828125 0.153125
0 0.55234375 0.68515625 0.0828125 0.153125
1 0.6 0.69296875 0.0828125 0.153125
1 0.609375 0.8296875 0.0828125 0.1453125
1 0.65703125 0.8234375 0.084375 0.1578125
1 0.703125 0.82734375 0.0796875 0.15625
1 0.74765625 0.825 0.0796875 0.159375
1 0.78984375 0.82265625 0.084375 0.1609375
0 0.64296875 0.68046875 0.0703125 0.134375
0 0.6859375 0.6828125 0.0734375 0.1390625
0 0.73125 0.67734375 0.071875 0.1328125
0 0.7765625 0.68359375 0.0765625 0.1546875
0 0.82421875 0.67734375 0.071875 0.14375
0 0.83515625 0.81796875 0.084375 0.15
1 0.86484375 0.67109375 0.0765625 0.1546875
1 0.9078125 0.67265625 0.0796875 0.1484375
1 0.9546875 0.675 0.075 0.146875
0 0.9765625 0.6765625 0.046875 0.171875
0 0.8640625 0.40390625 0.0796875 0.140625
1 0.975 0.40234375 0.05 0.1359375
1 0.959375 0.28203125 0.04375 0.125
1 0.9484375 0.403125 0.0765625 0.1453125
1 0.90625 0.4109375 0.06875 0.1390625
0 0.93125 0.27421875 0.06875 0.125
0 0.8921875 0.2796875 0.0765625 0.1296875
0 0.8515625 0.278125 0.075 0.1359375
0 0.80703125 0.28046875 0.078125 0.1375
0 0.765625 0.2765625 0.084375 0.1421875
0 0.72421875 0.2828125 0.0765625 0.1328125
1 0.82265625 0.39609375 0.0703125 0.134375
0 0.7796875 0.4 0.071875 0.1328125
0 0.73671875 0.40390625 0.075 0.140625
0 0.69296875 0.403125 0.0703125 0.134375
1 0.684375 0.2875 0.078125 0.1375
1 0.6390625 0.2875 0.078125 0.1453125
1 0.6515625 0.4078125 0.0703125 0.128125
0 0.60625 0.409375 0.0625 0.1265625
0 0.59765625 0.28359375 0.0703125 0.1390625
0 0.55703125 0.28515625 0.0765625 0.1453125
0 0.51484375 0.29140625 0.0671875 0.134375
1 0.5671875 0.41484375 0.075 0.146875
0 0.52734375 0.42265625 0.0796875 0.140625
1 0.48359375 0.415625 0.0734375 0.1390625
1 0.478125 0.29765625 0.0765625 0.1296875
1 0.44140625 0.4234375 0.078125 0.140625
0 0.4296875 0.2921875 0.075 0.1296875
0 0.38671875 0.29453125 0.078125 0.140625
0 0.39765625 0.421875 0.075 0.146875
0 0.35234375 0.4109375 0.075 0.146875
0 0.3453125 0.29140625 0.0703125 0.1390625
1 0.3109375 0.4265625 0.0765625 0.1296875
1 0.30859375 0.296875 0.08125 0.1421875
0 0.25859375 0.2953125 0.075 0.146875
0 0.26796875 0.428125 0.0765625 0.1375
0 0.22265625 0.43046875 0.0734375 0.1390625
0 0.178125 0.43125 0.075 0.146875
0 0.221875 0.3 0.075 0.146875
1 0.175 0.3 0.0765625 0.1328125
1 0.134375 0.42578125 0.0828125 0.1484375
1 0.09140625 0.43984375 0.078125 0.1375
0 0.13359375 0.30703125 0.0734375 0.1328125
0 0.0921875 0.3140625 0.08125 0.1421875
0 0.08515625 0.10859375 0.0734375 0.1046875
1 0.125 0.1 0.0671875 0.1
1 0.16875 0.09609375 0.0640625 0.1046875
0 0.209375 0.0921875 0.0765625 0.1109375
0 0.25 0.08515625 0.0703125 0.1078125
0 0.28828125 0.0796875 0.0765625 0.1109375
0 0.32890625 0.0765625 0.0765625 0.1171875
0 0.37109375 0.07734375 0.0734375 0.13125
0 0.4046875 0.07421875 0.075 0.1359375
0 0.45 0.0640625 0.078125 0.128125
0 0.4875 0.06640625 0.078125 0.1328125
0 0.525 0.06484375 0.084375 0.1296875
1 0.56640625 0.0578125 0.0734375 0.115625
1 0.6078125 0.0578125 0.06875 0.115625
0 0.646875 0.06171875 0.08125 0.1234375
0 0.6859375 0.059375 0.078125 0.11875
1 0.725 0.0609375 0.084375 0.121875
0 0.76484375 0.059375 0.0828125 0.11875
1 0.80859375 0.05859375 0.0796875 0.1171875
0 0.8421875 0.05625 0.08125 0.1125
1 0.88203125 0.05234375 0.0765625 0.1046875
0 0.9125 0.0578125 0.0625 0.115625
0 0.00625 0.0859375 0.0125 0.03125