0 0.08359375 0.43984375 0.1671875 0.3046875
0 0.096875 0.74296875 0.19375 0.3078125
0 0.16171875 0.41875 0.2140625 0.3
0 0.26015625 0.41640625 0.221875 0.3125
0 0.37421875 0.40390625 0.20625 0.2984375
0 0.2984375 0.72734375 0.203125 0.30625
0 0.39921875 0.7171875 0.196875 0.2875
1 0.1875 0.74765625 0.2125 0.3125
1 0.4703125 0.3859375 0.2171875 0.3125
1 0.4890625 0.70078125 0.20625 0.29375
0 0.57421875 0.3734375 0.20625 0.303125
0 0.5984375 0.696875 0.20625 0.2953125
0 0.70234375 0.69140625 0.2140625 0.3046875
1 0.67265625 0.37578125 0.2125 0.3265625
0 0.809375 0.67890625 0.209375 0.3
0 0.778125 0.35859375 0.2203125 0.309375
0 0.8859375 0.3671875 0.228125 0.325
0 0.90234375 0.65625 0.1953125 0.3
1 0.940625 0.3578125 0.11875 0.303125
0 0.95390625 0.64375 0.0921875 0.2625