1 0.0859375 0.2671875 0.1640625 0.3359375
1 0.17265625 0.31640625 0.26875 0.325
1 0.321875 0.35546875 0.2625 0.34375
1 0.4671875 0.40234375 0.253125 0.334375
1 0.61640625 0.44921875 0.2421875 0.3578125
1 0.0890625 0.65390625 0.178125 0.4984375
1 0.17734375 0.69140625 0.3265625 0.5078125
1 0.3703125 0.74375 0.3390625 0.4859375
1 0.54921875 0.77578125 0.3453125 0.4484375
1 0.75546875 0.79453125 0.3953125 0.4109375
1 0.859375 0.8203125 0.265625 0.359375
0 0.9109375 0.52421875 0.178125 0.2953125
0 0.775 0.47734375 0.2421875 0.35625
1 0.26640625 0.015625 0.1390625 0.03125
1 0.3578125 0.0296875 0.14375 0.059375
1 0.4640625 0.04140625 0.140625 0.0828125
1 0.559375 0.0578125 0.15 0.115625
1 0.66796875 0.07265625 0.1390625 0.1359375
1 0.76015625 0.09140625 0.14375 0.1625
1 0.86484375 0.1234375 0.1640625 0.171875
1 0.940625 0.15625 0.11875 0.18125
1 0.9890625 0.1734375 0.021875 0.1625