0 0.50625 0.7734375 0.3125 0.1640625
0 0.79140625 0.68984375 0.309375 0.1671875
0 0.75390625 0.6078125 0.2890625 0.1484375
0 0.48515625 0.6828125 0.303125 0.1703125
0 0.45546875 0.60625 0.2875 0.15625
1 0.7328125 0.53828125 0.3125 0.1515625
0 0.4390625 0.53828125 0.2765625 0.14375
0 0.7046875 0.46953125 0.2765625 0.14375
0 0.67578125 0.40390625 0.275 0.1375
0 0.4265625 0.4765625 0.259375 0.15
0 0.40234375 0.4171875 0.25 0.13125
0 0.66640625 0.33671875 0.259375 0.128125
0 0.396875 0.37109375 0.246875 0.121875
0 0.621875 0.2984375 0.2625 0.1203125
0 0.6203125 0.25703125 0.265625 0.1203125
0 0.3828125 0.309375 0.2296875 0.1140625
0 0.5921875 0.20859375 0.2421875 0.11875
0 0.5765625 0.1671875 0.2296875 0.1140625
1 0.37578125 0.2671875 0.23125 0.109375
1 0.36796875 0.225 0.234375 0.121875
1 0.35 0.1875 0.221875 0.1125
1 0.565625 0.121875 0.2203125 0.0953125
1 0.34921875 0.14453125 0.2171875 0.0984375
1 0.55703125 0.0921875 0.2296875 0.1
1 0.34453125 0.1078125 0.2140625 0.1
1 0.540625 0.05703125 0.2140625 0.0984375
1 0.33671875 0.075 0.19375 0.0953125
1 0.50859375 0.03515625 0.1734375 0.0703125
1 0.33515625 0.04453125 0.184375 0.0828125
1 0.51171875 0.01796875 0.1890625 0.0359375
1 0.3203125 0.0296875 0.1796875 0.0515625
1 0.86875 0.00703125 0.1125 0.0140625
1 0.89296875 0.0203125 0.0859375 0.040625
1 0.903125 0.0578125 0.0953125 0.0640625
1 0.928125 0.08984375 0.06875 0.0640625
1 0.02421875 0.0859375 0.0484375 0.053125
1 0.028125 0.10078125 0.05625 0.0828125
1 0.02265625 0.128125 0.0453125 0.08125
1 0.02109375 0.1609375 0.0421875 0.0875
1 0.03125 0.196875 0.0625 0.109375
1 0.02265625 0.2375 0.0453125 0.084375
0 0.0265625 0.26953125 0.053125 0.1046875
0 0.03203125 0.29921875 0.0640625 0.1109375
0 0.0265625 0.35859375 0.053125 0.1140625
0 0.02890625 0.41640625 0.0578125 0.0859375
0 0.0375 0.5234375 0.075 0.090625
0 0.02734375 0.47265625 0.0546875 0.0890625
0 0.040625 0.56953125 0.0796875 0.096875
0 0.05234375 0.6328125 0.096875 0.1078125