1 0.91015625 0.37890625 0.1796875 0.3421875
1 0.82265625 0.38828125 0.28125 0.328125
1 0.67734375 0.3796875 0.278125 0.3453125
1 0.534375 0.38046875 0.2671875 0.334375
1 0.38671875 0.37890625 0.259375 0.3546875
1 0.8453125 0.71875 0.309375 0.484375
1 0.709375 0.7234375 0.353125 0.503125
1 0.52109375 0.7140625 0.3625 0.484375
1 0.34375 0.728125 0.3765625 0.525
1 0.18125 0.71796875 0.3625 0.5609375
1 0.0984375 0.703125 0.196875 0.4875
0 0.09921875 0.35625 0.1984375 0.296875
0 0.2359375 0.3578125 0.259375 0.353125
1 0.8984375 0.059375 0.078125 0.11875
1 0.840625 0.05703125 0.14375 0.1140625
1 0.753125 0.05703125 0.146875 0.1140625
1 0.65078125 0.0515625 0.1421875 0.103125
1 0.55859375 0.0515625 0.1453125 0.103125
1 0.4546875 0.04921875 0.134375 0.0984375
1 0.36796875 0.05390625 0.1359375 0.0953125
1 0.26640625 0.06171875 0.15 0.0796875
1 0.17421875 0.075 0.1421875 0.0734375
1 0.08203125 0.07421875 0.1375 0.0390625