1 0.9328125 0.8171875 0.134375 0.203125
0 0.80234375 0.803125 0.24375 0.309375
0 0.653125 0.79609375 0.26875 0.3890625
0 0.5375 0.76875 0.2875 0.440625
0 0.40234375 0.71015625 0.275 0.375
0 0.30078125 0.70546875 0.25 0.3734375
0 0.20546875 0.6515625 0.2484375 0.3953125
0 0.13671875 0.5921875 0.2265625 0.31875
0 0.07890625 0.59296875 0.1578125 0.2859375
0 0.0421875 0.515625 0.084375 0.28125
1 0.2203125 0.20859375 0.1 0.13125
0 0.31328125 0.18828125 0.1265625 0.18125
0 0.44765625 0.2109375 0.1125 0.196875
1 0.38359375 0.21953125 0.1203125 0.19375
1 0.51328125 0.2078125 0.1140625 0.1796875
1 0.5984375 0.2390625 0.0953125 0.14375
0 0.6625 0.2125 0.1296875 0.1875
0 0.73828125 0.2125 0.1078125 0.1734375
1 0.84296875 0.2625 0.1078125 0.1609375
1 0.92109375 0.26875 0.115625 0.203125
1 0.89453125 0.11484375 0.078125 0.109375
1 0.8265625 0.14296875 0.0984375 0.1234375
1 0.74140625 0.11171875 0.09375 0.103125
1 0.61171875 0.1203125 0.0859375 0.115625
1 0.67265625 0.1046875 0.071875 0.08125
1 0.54453125 0.1140625 0.090625 0.125
0 0.47734375 0.09921875 0.1015625 0.1234375
0 0.37734375 0.0765625 0.1140625 0.13125
0 0.315625 0.07578125 0.10625 0.10625
0 0.72421875 0.01015625 0.0734375 0.0203125
1 0.54765625 0.0125 0.0671875 0.025
0 0.496875 0.015625 0.059375 0.03125
0 0.446875 0.0125 0.059375 0.025
0 0.40078125 0.02109375 0.06875 0.0359375