0 0.90859375 0.76484375 0.1828125 0.2828125
1 0.80078125 0.8109375 0.3109375 0.284375
1 0.64453125 0.79375 0.3515625 0.315625
1 0.4671875 0.78359375 0.365625 0.3078125
1 0.29296875 0.7671875 0.3265625 0.3015625
1 0.1484375 0.76640625 0.284375 0.3
1 0.05 0.76484375 0.0875 0.2828125
0 0.93828125 0.28515625 0.115625 0.278125
0 0.86328125 0.271875 0.203125 0.290625
0 0.73046875 0.234375 0.20625 0.2890625
0 0.590625 0.2484375 0.2265625 0.29375
1 0.45859375 0.225 0.234375 0.290625
0 0.32890625 0.2078125 0.2421875 0.3234375
0 0.2109375 0.184375 0.2375 0.34375
0 0.0953125 0.18125 0.1671875 0.2953125