0 0.87421875 0.9015625 0.1421875 0.1953125
0 0.74140625 0.89765625 0.15 0.203125
0 0.5875 0.87890625 0.171875 0.2234375
0 0.4546875 0.86640625 0.15625 0.21875
0 0.33515625 0.85625 0.1328125 0.2125
1 0.19921875 0.8390625 0.1484375 0.21875
0 0.0734375 0.8296875 0.146875 0.2
0 0.1421875 0.63046875 0.125 0.175
0 0.04375 0.6265625 0.0875 0.1875
0 0.28984375 0.6546875 0.134375 0.1875
0 0.39765625 0.66484375 0.121875 0.16875
1 0.5125 0.6828125 0.121875 0.1796875
1 0.621875 0.6890625 0.109375 0.1765625
0 0.73671875 0.70078125 0.1359375 0.16875
1 0.8875 0.71796875 0.1359375 0.1921875
0 0.946875 0.4 0.1046875 0.1328125
1 0.84296875 0.3890625 0.1046875 0.1203125
1 0.05 0.3140625 0.078125 0.1171875
0 0.12890625 0.315625 0.09375 0.1296875
0 0.75234375 0.378125 0.0828125 0.13125
0 0.2375 0.334375 0.1171875 0.140625
0 0.3453125 0.3453125 0.1140625 0.134375
0 0.4421875 0.35546875 0.10625 0.13125
1 0.53828125 0.3625 0.128125 0.1328125
1 0.65703125 0.3765625 0.109375 0.1421875
1 0.96796875 0.2859375 0.0625 0.125
0 0.89921875 0.26640625 0.1125 0.121875
1 0.7921875 0.26171875 0.1171875 0.121875
1 0.6921875 0.25703125 0.109375 0.121875
0 0.59765625 0.24296875 0.0953125 0.1375
0 0.5171875 0.23515625 0.103125 0.11875
0 0.42734375 0.22734375 0.09375 0.11875
1 0.34375 0.22734375 0.09375 0.115625
1 0.25078125 0.2171875 0.1140625 0.1140625
1 0.1546875 0.20234375 0.1 0.1109375
0 0.06796875 0.1984375 0.0875 0.1140625
1 0.08046875 0.0296875 0.0734375 0.059375
0 0.1484375 0.03125 0.0875 0.0625
0 0.23125 0.03359375 0.09375 0.0671875
0 0.31171875 0.040625 0.0828125 0.08125
0 0.384375 0.04375 0.078125 0.0859375
0 0.4546875 0.0484375 0.090625 0.096875
1 0.5328125 0.05546875 0.0875 0.09375
1 0.625 0.059375 0.09375 0.090625
0 0.7015625 0.06953125 0.078125 0.0921875
0 0.7765625 0.06875 0.0984375 0.090625
1 0.8546875 0.08515625 0.0984375 0.103125
1 0.93828125 0.0890625 0.10625 0.0984375
1 0.9921875 0.0984375 0.0140625 0.096875