0 0.68984375 0.90703125 0.2921875 0.1796875
0 0.5875 0.859375 0.3046875 0.25
0 0.50703125 0.73125 0.2703125 0.2140625
0 0.40546875 0.62421875 0.259375 0.2203125
0 0.3390625 0.51875 0.209375 0.16875
0 0.9453125 0.53671875 0.109375 0.2296875
0 0.8984375 0.465625 0.203125 0.196875
0 0.79453125 0.3984375 0.2140625 0.18125
1 0.7328125 0.359375 0.2046875 0.1734375
0 0.665625 0.30390625 0.190625 0.175
0 0.56796875 0.22265625 0.1828125 0.15
1 0.51953125 0.2109375 0.153125 0.1296875
1 0.4828125 0.16796875 0.15625 0.13125
1 0.43203125 0.1296875 0.1484375 0.1265625
1 0.39375 0.1015625 0.15625 0.128125
1 0.35234375 0.07890625 0.1359375 0.11875
1 0.321875 0.05625 0.1390625 0.0828125
0 0.24375 0.44921875 0.21875 0.1734375
0 0.20625 0.3890625 0.1828125 0.1265625
0 0.171875 0.334375 0.1796875 0.1375
0 0.1359375 0.28671875 0.16875 0.1046875
0 0.09765625 0.25 0.175 0.1171875
0 0.07890625 0.20546875 0.1578125 0.1171875
1 0.0640625 0.178125 0.128125 0.096875
1 0.0515625 0.15703125 0.103125 0.0953125
1 0.7109375 0.153125 0.1375 0.1125
1 0.653125 0.10390625 0.1515625 0.1125
1 0.61015625 0.08203125 0.1390625 0.1078125
1 0.56015625 0.053125 0.1515625 0.10625
1 0.5203125 0.04140625 0.1625 0.0828125
1 0.87890625 0.2609375 0.165625 0.125
1 0.83125 0.2015625 0.171875 0.13125
1 0.92578125 0.31015625 0.1046875 0.11875
1 0.84296875 0.015625 0.0796875 0.03125
1 0.03828125 0.13828125 0.0765625 0.0734375