1 0.915625 0.65703125 0.1640625 0.24375
0 0.88671875 0.88828125 0.1453125 0.2234375
1 0.79765625 0.678125 0.1703125 0.2515625
0 0.77421875 0.89140625 0.1921875 0.2171875
0 0.684375 0.67890625 0.1734375 0.25625
0 0.5796875 0.690625 0.1859375 0.2640625
0 0.6484375 0.8953125 0.178125 0.209375
0 0.52734375 0.89765625 0.1796875 0.2046875
1 0.490625 0.70546875 0.1796875 0.265625
0 0.43515625 0.896875 0.1765625 0.20625
1 0.35703125 0.89375 0.1828125 0.2
1 0.26953125 0.88671875 0.184375 0.1859375
0 0.41640625 0.7015625 0.1734375 0.2328125
0 0.340625 0.71640625 0.153125 0.215625
0 0.25859375 0.73203125 0.153125 0.2125
1 0.20546875 0.7203125 0.1453125 0.1765625
0 0.17578125 0.8703125 0.1984375 0.1921875
0 0.10234375 0.8875 0.165625 0.13125
0 0.14765625 0.72890625 0.1640625 0.20625
0 0.07265625 0.7484375 0.1390625 0.1890625
0 0.9296875 0.35703125 0.140625 0.1828125
0 0.8328125 0.36875 0.134375 0.165625
0 0.74609375 0.39140625 0.134375 0.1546875
1 0.88125 0.2484375 0.225 0.146875
1 0.690625 0.2921875 0.19375 0.140625
1 0.58828125 0.4234375 0.115625 0.146875
0 0.665625 0.38671875 0.121875 0.1625
0 0.52734375 0.43671875 0.1234375 0.15625
0 0.45703125 0.44921875 0.115625 0.1546875
1 0.52890625 0.346875 0.1578125 0.109375
1 0.4015625 0.37734375 0.1375 0.09375
1 0.39921875 0.47421875 0.1078125 0.146875
0 0.3453125 0.47578125 0.115625 0.1484375
1 0.29296875 0.490625 0.109375 0.1375
0 0.24375 0.4984375 0.128125 0.153125
1 0.2578125 0.41796875 0.15625 0.1171875
1 0.1921875 0.51171875 0.1390625 0.171875
1 0.1546875 0.52109375 0.1359375 0.1578125
0 0.9375 0.10859375 0.1140625 0.1046875
1 0.8609375 0.11875 0.1109375 0.1296875
1 0.79140625 0.14921875 0.1171875 0.1359375
0 0.721875 0.165625 0.10625 0.1359375
1 0.55234375 0.221875 0.096875 0.1109375
1 0.50546875 0.2328125 0.0984375 0.1203125
1 0.4546875 0.24921875 0.0875 0.0984375
1 0.4046875 0.271875 0.0890625 0.103125
1 0.365625 0.28125 0.096875 0.115625