1 0.83125 0.81796875 0.2296875 0.2234375
1 0.77109375 0.63828125 0.203125 0.1921875
1 0.7203125 0.48125 0.1921875 0.1828125
0 0.51640625 0.89375 0.2078125 0.2125
1 0.6015625 0.1171875 0.134375 0.1265625
1 0.57578125 0.04140625 0.1390625 0.0828125
1 0.4890625 0.70546875 0.2 0.203125
1 0.35625 0.909375 0.2 0.18125
0 0.334375 0.73671875 0.1796875 0.1734375
0 0.31171875 0.58359375 0.1703125 0.159375
0 0.45078125 0.54453125 0.1765625 0.1609375
0 0.4296875 0.41015625 0.165625 0.134375
0 0.29453125 0.45546875 0.1578125 0.13125
0 0.40625 0.29453125 0.1546875 0.13125
0 0.28125 0.3328125 0.140625 0.1328125
0 0.3828125 0.18203125 0.140625 0.109375
1 0.27265625 0.2140625 0.140625 0.121875
1 0.3609375 0.09375 0.125 0.1109375
0 0.25625 0.11640625 0.121875 0.0984375
1 0.08046875 0.65703125 0.1390625 0.1578125
0 0.10703125 0.81484375 0.1203125 0.171875
1 0.0640625 0.52109375 0.128125 0.1359375
1 0.0625 0.40390625 0.125 0.1296875
0 0.0578125 0.29296875 0.115625 0.1171875
0 0.053125 0.2046875 0.10625 0.1
0 0.0421875 0.13359375 0.084375 0.0828125