1 0.784375 0.965625 0.19375 0.06875
0 0.6484375 0.9 0.225 0.2
0 0.528125 0.84609375 0.25 0.3078125
0 0.440625 0.79765625 0.275 0.4046875
0 0.353125 0.69765625 0.2609375 0.3515625
0 0.271875 0.65078125 0.2375 0.35
0 0.21484375 0.56484375 0.2359375 0.36875
0 0.1828125 0.4875 0.215625 0.2984375
0 0.1171875 0.4578125 0.1828125 0.2640625
0 0.0890625 0.365625 0.178125 0.275
1 0.41484375 0.2046875 0.0953125 0.1234375
0 0.5 0.228125 0.1203125 0.1703125
0 0.603125 0.30234375 0.1078125 0.1828125
1 0.54609375 0.28359375 0.1140625 0.1828125
1 0.659375 0.328125 0.109375 0.1671875
1 0.715625 0.390625 0.090625 0.134375
0 0.7796875 0.3953125 0.1234375 0.1765625
0 0.84453125 0.4265625 0.103125 0.1625
1 0.91015625 0.51484375 0.1015625 0.15
1 0.95859375 0.55 0.0828125 0.1875
1 0.9890625 0.4109375 0.021875 0.1
1 0.946875 0.4078125 0.0953125 0.115625
1 0.88984375 0.34609375 0.0890625 0.096875
1 0.77734375 0.2984375 0.0828125 0.1078125
1 0.83515625 0.31171875 0.0671875 0.075
1 0.72421875 0.26484375 0.0875 0.1171875
0 0.675 0.22421875 0.0953125 0.115625
0 0.6 0.1625 0.1078125 0.1234375
0 0.55 0.1359375 0.1 0.1
0 0.97578125 0.234375 0.0484375 0.103125
0 0.934375 0.21796875 0.0734375 0.1015625
1 0.8890625 0.203125 0.0578125 0.06875
1 0.85390625 0.184375 0.0546875 0.059375
0 0.821875 0.16171875 0.0578125 0.0734375
1 0.7796875 0.15 0.0671875 0.0796875
0 0.73828125 0.12265625 0.0671875 0.0984375
0 0.6921875 0.109375 0.065625 0.0796875
0 0.65234375 0.08671875 0.08125 0.103125