1 0.09296875 0.94609375 0.1859375 0.05625
0 0.25390625 0.8953125 0.215625 0.1859375
0 0.39375 0.85625 0.2375 0.2875
0 0.496875 0.8140625 0.2625 0.371875
0 0.60859375 0.753125 0.2578125 0.3703125
0 0.7046875 0.7203125 0.2296875 0.3703125
0 0.78203125 0.6421875 0.228125 0.3921875
0 0.83203125 0.565625 0.2109375 0.315625
0 0.9078125 0.54765625 0.1765625 0.2796875
0 0.9328125 0.45703125 0.134375 0.2953125
1 0.6453125 0.21875 0.09375 0.1296875
0 0.55078125 0.225 0.1171875 0.18125
0 0.4265625 0.2828125 0.1015625 0.196875
1 0.490625 0.27421875 0.109375 0.1921875
1 0.3625 0.2984375 0.10625 0.1796875
1 0.28984375 0.353125 0.0875 0.1421875
0 0.22109375 0.34453125 0.1203125 0.1859375
0 0.14609375 0.365625 0.1 0.171875
1 0.059375 0.44375 0.1 0.159375
1 0.01953125 0.4734375 0.0390625 0.2
1 0.04921875 0.32421875 0.08125 0.11875
1 0.115625 0.26875 0.090625 0.1015625
1 0.24375 0.2421875 0.08125 0.1140625
1 0.18046875 0.24375 0.0671875 0.078125
1 0.30625 0.2171875 0.084375 0.1234375
0 0.3671875 0.18515625 0.0953125 0.1203125
0 0.4578125 0.134375 0.1078125 0.128125
0 0.5171875 0.11640625 0.103125 0.103125
0 0.0484375 0.1328125 0.0453125 0.109375
0 0.09453125 0.12421875 0.071875 0.10625
1 0.14609375 0.11875 0.0578125 0.071875
1 0.1859375 0.10546875 0.0546875 0.0625
0 0.22578125 0.08828125 0.0578125 0.0765625
1 0.271875 0.08515625 0.065625 0.0828125
0 0.321875 0.06484375 0.0640625 0.10625
0 0.371875 0.059375 0.065625 0.0828125
0 0.41953125 0.0484375 0.0796875 0.096875