1 0.9609375 0.54296875 0.078125 0.2640625
0 0.9765625 0.79140625 0.046875 0.1921875
1 0.875 0.5890625 0.1703125 0.2828125
0 0.89140625 0.82578125 0.184375 0.20625
0 0.74453125 0.61484375 0.171875 0.2875
0 0.6265625 0.65234375 0.1859375 0.29375
0 0.74765625 0.86171875 0.1671875 0.20625
0 0.60859375 0.8953125 0.171875 0.2078125
1 0.528125 0.6890625 0.1796875 0.2984375
0 0.49921875 0.9046875 0.1703125 0.190625
1 0.40859375 0.91328125 0.1796875 0.1734375
1 0.30625 0.92421875 0.18125 0.1515625
0 0.4421875 0.70234375 0.175 0.259375
0 0.35859375 0.734375 0.153125 0.240625
0 0.2671875 0.77265625 0.1546875 0.2375
1 0.203125 0.76875 0.15 0.19375
0 0.19296875 0.9234375 0.1984375 0.153125
0 0.1359375 0.95859375 0.11875 0.0828125
0 0.13828125 0.7921875 0.16875 0.228125
0 0.07734375 0.82734375 0.103125 0.2
0 0.93359375 0.1953125 0.1046875 0.1890625
0 0.84453125 0.2234375 0.1390625 0.1828125
0 0.75078125 0.2703125 0.1421875 0.1703125
1 0.85078125 0.08125 0.2046875 0.1359375
1 0.66484375 0.1671875 0.2140625 0.14375
1 0.57578125 0.34296875 0.11875 0.1640625
0 0.65859375 0.2828125 0.125 0.1796875
0 0.51015625 0.371875 0.1265625 0.1703125
0 0.43125 0.40078125 0.1171875 0.171875
1 0.490625 0.26640625 0.1765625 0.109375
1 0.35078125 0.33046875 0.153125 0.0953125
1 0.36953125 0.4421875 0.109375 0.1640625
0 0.30859375 0.45546875 0.11875 0.165625
1 0.2515625 0.4859375 0.1125 0.1515625
0 0.19765625 0.50546875 0.134375 0.1671875
1 0.1953125 0.409375 0.1734375 0.1203125
1 0.140625 0.53203125 0.14375 0.1890625
1 0.1 0.5515625 0.1421875 0.171875
1 0.7515625 0.02734375 0.11875 0.0546875
0 0.67421875 0.04453125 0.1046875 0.0890625
1 0.48984375 0.11796875 0.103125 0.11875
1 0.43828125 0.13984375 0.103125 0.1328125
1 0.3828125 0.1703125 0.0921875 0.1078125
1 0.33125 0.2078125 0.09375 0.1125
1 0.2890625 0.22734375 0.1015625 0.1265625