0 0.56953125 0.75859375 0.290625 0.1265625
0 0.29140625 0.77578125 0.2875 0.13125
0 0.29765625 0.69140625 0.2703125 0.115625
0 0.559375 0.67109375 0.2796875 0.134375
0 0.5609375 0.59453125 0.2671875 0.121875
1 0.29375 0.6234375 0.2921875 0.1140625
0 0.553125 0.52890625 0.2578125 0.1109375
0 0.29609375 0.553125 0.2578125 0.1109375
0 0.3015625 0.4875 0.25625 0.1046875
0 0.54453125 0.4703125 0.240625 0.11875
0 0.546875 0.41015625 0.2328125 0.1015625
0 0.28828125 0.42421875 0.24375 0.0984375
0 0.53671875 0.3671875 0.23125 0.0921875
0 0.315625 0.3765625 0.246875 0.090625
0 0.303125 0.3390625 0.2484375 0.0890625
0 0.52890625 0.30859375 0.2140625 0.0875
0 0.3125 0.28671875 0.2265625 0.090625
0 0.31328125 0.24609375 0.2140625 0.0875
1 0.521875 0.26875 0.2171875 0.0828125
1 0.51640625 0.2296875 0.21875 0.09375
1 0.51953125 0.18984375 0.20625 0.0859375
1 0.30859375 0.2015625 0.2078125 0.0703125
1 0.50625 0.153125 0.2046875 0.071875
1 0.30625 0.1734375 0.215625 0.0734375
1 0.49765625 0.11875 0.2015625 0.0765625
1 0.309375 0.1375 0.2015625 0.075
1 0.4953125 0.0875 0.18125 0.0734375
1 0.32890625 0.10390625 0.1640625 0.059375
1 0.48515625 0.05859375 0.171875 0.065625
1 0.31484375 0.07265625 0.1796875 0.0625
1 0.48984375 0.02890625 0.1703125 0.0578125
1 0.3234375 0.0390625 0.1609375 0.0609375
1 0.4859375 0.009375 0.165625 0.01875
1 0.328125 0.02109375 0.15 0.0265625
1 0.04765625 0.0625 0.0953125 0.034375
1 0.0390625 0.08046875 0.078125 0.0609375
1 0.034375 0.10390625 0.06875 0.0578125
1 0.02578125 0.13671875 0.0515625 0.0546875
1 0.025 0.175 0.05 0.053125
1 0.0109375 0.209375 0.021875 0.046875
1 0.01640625 0.25078125 0.0328125 0.0484375
1 0.8265625 0.01328125 0.159375 0.0265625
1 0.83671875 0.02578125 0.1390625 0.0515625
1 0.85078125 0.0453125 0.1390625 0.0734375
1 0.8640625 0.07578125 0.18125 0.0890625
1 0.8796875 0.11015625 0.15625 0.06875
0 0.884375 0.1421875 0.1578125 0.0859375
0 0.88515625 0.17109375 0.1625 0.09375
0 0.9046875 0.221875 0.1390625 0.1
0 0.91328125 0.278125 0.13125 0.0734375
0 0.93046875 0.37890625 0.1234375 0.0796875
0 0.92734375 0.32890625 0.1171875 0.078125
0 0.93828125 0.42265625 0.11875 0.084375
0 0.940625 0.48359375 0.11875 0.0953125