0 0.1375 0.8078125 0.2515625 0.359375
0 0.2328125 0.67734375 0.2546875 0.2921875
0 0.35234375 0.5484375 0.225 0.278125
0 0.434375 0.4375 0.2328125 0.2734375
0 0.53203125 0.328125 0.1890625 0.25
0 0.61015625 0.24921875 0.1984375 0.2875
1 0.69453125 0.15234375 0.175 0.26875
0 0.58125 0.66875 0.1796875 0.2671875
0 0.66015625 0.56875 0.20625 0.303125
0 0.7546875 0.45625 0.1890625 0.2828125
0 0.83359375 0.36484375 0.196875 0.2703125
0 0.89453125 0.26328125 0.171875 0.221875
0 0.9328125 0.20546875 0.103125 0.2203125
0 0.9515625 0.1015625 0.046875 0.203125
0 0.7609375 0.0875 0.175 0.175
0 0.8359375 0.04375 0.153125 0.0875