0 0.26640625 0.88359375 0.325 0.23125
0 0.3421875 0.7546875 0.2875 0.2734375
0 0.4109375 0.63125 0.2171875 0.2359375
0 0.44609375 0.50625 0.203125 0.2109375
0 0.4875 0.39765625 0.2046875 0.175
0 0.51796875 0.315625 0.1828125 0.16875
0 0.55390625 0.26796875 0.1609375 0.140625
0 0.578125 0.215625 0.15 0.11875
0 0.590625 0.1765625 0.15625 0.1
0 0.60078125 0.1390625 0.1546875 0.103125
0 0.615625 0.0984375 0.1484375 0.0953125
0 0.63671875 0.065625 0.1265625 0.084375
0 0.65 0.03515625 0.1234375 0.0703125
1 0.65859375 0.021875 0.128125 0.04375
0 0.1046875 0.709375 0.1765625 0.1609375
1 0.16328125 0.609375 0.1984375 0.153125
1 0.21796875 0.51484375 0.2046875 0.140625
1 0.2765625 0.396875 0.153125 0.11875
1 0.3234375 0.3328125 0.1375 0.10625
0 0.35 0.2625 0.1328125 0.096875
0 0.3875 0.21953125 0.1171875 0.0859375
0 0.421875 0.1859375 0.1109375 0.08125
1 0.453125 0.146875 0.0953125 0.065625
1 0.48203125 0.11015625 0.103125 0.0625
1 0.4984375 0.0796875 0.11875 0.0625
1 0.52265625 0.05 0.10625 0.05625
1 0.53984375 0.02109375 0.1046875 0.0421875
1 0.55703125 0.00859375 0.1046875 0.0171875
1 0.04765625 0.26640625 0.0953125 0.0875
1 0.0765625 0.22734375 0.1140625 0.084375
0 0.11875 0.1875 0.103125 0.075
0 0.159375 0.153125 0.10625 0.0609375
1 0.20234375 0.11875 0.09375 0.053125
1 0.2296875 0.0875 0.1015625 0.059375
1 0.25859375 0.05625 0.0953125 0.053125
1 0.28203125 0.0375 0.103125 0.0375
1 0.0296875 0.1859375 0.059375 0.078125
1 0.053125 0.15234375 0.10625 0.06875
1 0.0828125 0.1171875 0.10625 0.0515625
1 0.13046875 0.0921875 0.1078125 0.05625
1 0.15234375 0.06796875 0.1015625 0.0546875
1 0.19375 0.04609375 0.1015625 0.03125
0 0.9546875 0.86328125 0.0875 0.1578125
0 0.95390625 0.715625 0.090625 0.1484375
0 0.95546875 0.5890625 0.0875 0.1171875
0 0.94921875 0.44921875 0.1 0.115625
0 0.9421875 0.3578125 0.09375 0.090625
0 0.9359375 0.28203125 0.08125 0.0609375
0 0.92734375 0.21875 0.078125 0.0421875
0 0.92578125 0.1828125 0.075 0.05625
0 0.92109375 0.13671875 0.06875 0.0484375
0 0.915625 0.103125 0.06875 0.046875
0 0.91328125 0.06953125 0.0640625 0.0484375
0 0.9109375 0.034375 0.0609375 0.040625