0 0.15859375 0.81328125 0.265625 0.3421875
0 0.25625 0.690625 0.25625 0.2921875
0 0.37109375 0.56171875 0.2265625 0.278125
0 0.45 0.44921875 0.234375 0.2734375
0 0.5453125 0.340625 0.190625 0.25
0 0.62109375 0.26015625 0.2015625 0.2875
1 0.703125 0.1625 0.1765625 0.26875
0 0.6 0.675 0.18125 0.2671875
0 0.67578125 0.57578125 0.2078125 0.303125
0 0.76796875 0.46328125 0.1921875 0.2828125
0 0.84375 0.37109375 0.1984375 0.2703125
0 0.90390625 0.26875 0.171875 0.2203125
0 0.94296875 0.209375 0.1140625 0.221875
0 0.96640625 0.11796875 0.0671875 0.1765625
0 0.765625 0.1 0.178125 0.1765625
0 0.83984375 0.0578125 0.146875 0.0796875