0 0.19765625 0.0453125 0.1484375 0.090625
0 0.17421875 0.10078125 0.134375 0.1453125
0 0.15703125 0.1890625 0.14375 0.1640625
1 0.14140625 0.296875 0.11875 0.1765625
1 0.12109375 0.36640625 0.128125 0.1734375
0 0.09765625 0.4625 0.1265625 0.203125
0 0.0640625 0.5640625 0.1171875 0.19375
0 0.0515625 0.690625 0.103125 0.1921875
0 0.03515625 0.8015625 0.0703125 0.2140625
0 0.296875 0.8640625 0.165625 0.196875
1 0.44453125 0.9203125 0.1828125 0.1578125
0 0.44765625 0.78984375 0.1484375 0.1796875
0 0.3078125 0.71484375 0.1765625 0.1765625
0 0.46875 0.678125 0.140625 0.15625
0 0.46953125 0.56484375 0.1609375 0.1578125
0 0.3328125 0.5890625 0.15625 0.15
0 0.353125 0.47734375 0.1515625 0.1453125
1 0.47734375 0.46953125 0.1734375 0.184375
0 0.35625 0.3875 0.1578125 0.16875
0 0.5015625 0.378125 0.15 0.1390625
0 0.496875 0.2953125 0.1453125 0.1453125
1 0.36484375 0.2984375 0.1640625 0.1484375
0 0.4984375 0.1984375 0.1296875 0.1265625
0 0.365625 0.2125 0.153125 0.1265625
0 0.38984375 0.1421875 0.140625 0.10625
0 0.3953125 0.059375 0.1375 0.11875
1 0.50703125 0.11875 0.1328125 0.11875
1 0.5109375 0.065625 0.1125 0.1265625
0 0.84296875 0.97578125 0.175 0.046875
0 0.7046875 0.9421875 0.1796875 0.1140625
0 0.8484375 0.91328125 0.1765625 0.1484375
0 0.8390625 0.8 0.1296875 0.153125
1 0.7125 0.83125 0.165625 0.140625
1 0.8234375 0.68671875 0.1609375 0.1796875
1 0.71171875 0.73671875 0.1640625 0.2015625
1 0.8265625 0.58984375 0.16875 0.184375
1 0.7015625 0.65 0.146875 0.1921875
1 0.7078125 0.53984375 0.153125 0.1921875
0 0.8265625 0.48125 0.1578125 0.140625
0 0.68984375 0.43984375 0.1375 0.153125
0 0.809375 0.38984375 0.1296875 0.109375
0 0.69609375 0.33828125 0.1328125 0.125
1 0.8140625 0.31328125 0.1265625 0.128125
1 0.69453125 0.26953125 0.1453125 0.125
1 0.803125 0.24375 0.1390625 0.1296875
1 0.69609375 0.18828125 0.14375 0.1203125
1 0.80703125 0.17109375 0.1375 0.128125
0 0.69375 0.1046875 0.1234375 0.121875
0 0.8015625 0.0984375 0.125 0.1109375
0 0.69453125 0.05625 0.11875 0.0796875
1 0.80390625 0.06171875 0.125 0.05625
1 0.98203125 0.53828125 0.034375 0.1375
1 0.98125 0.45625 0.0359375 0.1328125
1 0.97578125 0.3703125 0.046875 0.128125
1 0.965625 0.2984375 0.0671875 0.1203125
0 0.96015625 0.2171875 0.078125 0.1125
0 0.9546875 0.14296875 0.0875 0.1109375
1 0.9484375 0.09765625 0.1015625 0.078125