0 0.01484375 0.53125 0.0296875 0.15
0 0.05 0.3953125 0.0953125 0.1265625
0 0.1296875 0.2546875 0.084375 0.1234375
0 0.28828125 0.1875 0.1015625 0.1109375
0 0.246875 0.225 0.1 0.0921875
0 0.215625 0.28125 0.103125 0.1265625
0 0.18359375 0.35625 0.1140625 0.1703125
0 0.15625 0.42421875 0.121875 0.16875
0 0.1046875 0.51640625 0.128125 0.18125
0 0.059375 0.6203125 0.11875 0.234375
0 0.040625 0.709375 0.08125 0.25
0 0.23515625 0.8921875 0.1703125 0.15625
0 0.2625 0.7671875 0.203125 0.1953125
0 0.309375 0.653125 0.153125 0.1578125
0 0.31796875 0.57421875 0.1484375 0.1484375
0 0.3390625 0.4921875 0.1359375 0.128125
0 0.3703125 0.4171875 0.11875 0.1046875
0 0.38046875 0.3578125 0.109375 0.09375
0 0.409375 0.28984375 0.1015625 0.0859375
0 0.41875 0.2375 0.109375 0.078125
0 0.3921875 0.9546875 0.16875 0.0875
0 0.4 0.8703125 0.1515625 0.115625
0 0.421875 0.77734375 0.153125 0.10625
0 0.43671875 0.690625 0.1484375 0.1046875
0 0.446875 0.6171875 0.1390625 0.0984375
0 0.46171875 0.540625 0.13125 0.090625
0 0.46796875 0.4796875 0.1234375 0.0859375
0 0.48515625 0.4171875 0.125 0.071875
1 0.48984375 0.3828125 0.109375 0.0609375
0 0.6875 0.946875 0.1703125 0.103125
0 0.69140625 0.85625 0.153125 0.1109375
0 0.7 0.775 0.1484375 0.109375
0 0.6953125 0.6875 0.1359375 0.0984375
0 0.6984375 0.61484375 0.125 0.0828125
0 0.7 0.55546875 0.1296875 0.0703125
0 0.7078125 0.49921875 0.1171875 0.0796875
0 0.715625 0.44140625 0.109375 0.075
0 0.70625 0.39375 0.1015625 0.06875
0 0.70859375 0.34609375 0.10625 0.0625
0 0.71171875 0.30234375 0.1 0.0609375
0 0.84453125 0.96875 0.15625 0.0609375
0 0.8453125 0.89375 0.15625 0.10625
1 0.83125 0.8109375 0.1375 0.0828125
0 0.825 0.72734375 0.1109375 0.090625
0 0.81328125 0.6515625 0.121875 0.075
0 0.81328125 0.5890625 0.1140625 0.075
0 0.81328125 0.52734375 0.109375 0.075
0 0.8109375 0.4640625 0.0984375 0.059375
0 0.809375 0.41640625 0.0953125 0.059375
0 0.80546875 0.371875 0.096875 0.059375
0 0.81015625 0.32109375 0.0890625 0.0625
0 0.959375 0.3796875 0.0796875 0.0625
0 0.9640625 0.42890625 0.0703125 0.065625
0 0.97109375 0.4703125 0.05625 0.071875
0 0.975 0.5171875 0.0484375 0.0734375