0 0.78671875 0.9328125 0.2359375 0.134375
0 0.83671875 0.78046875 0.2515625 0.2546875
0 0.87734375 0.55703125 0.2453125 0.2703125
1 0.9015625 0.3515625 0.196875 0.25
0 0.921875 0.18984375 0.15625 0.2078125
0 0.40703125 0.71640625 0.290625 0.275
1 0.4671875 0.50078125 0.28125 0.2921875
0 0.5140625 0.27421875 0.275 0.275
0 0.5640625 0.08125 0.253125 0.1625
1 0.3609375 0.90546875 0.26875 0.1890625
0 0.078125 0.8109375 0.15625 0.20625
0 0.11171875 0.646875 0.2234375 0.2375
0 0.13828125 0.41953125 0.265625 0.253125
0 0.20390625 0.21171875 0.271875 0.2484375
0 0.24375 0.05390625 0.240625 0.1078125