0 0.875 0.8265625 0.1953125 0.3046875
0 0.7671875 0.79765625 0.228125 0.2921875
0 0.66015625 0.76953125 0.234375 0.29375
0 0.521875 0.7359375 0.25 0.26875
0 0.4015625 0.69609375 0.2703125 0.2828125
0 0.2984375 0.6671875 0.240625 0.2703125
0 0.18984375 0.6296875 0.2484375 0.278125
0 0.1015625 0.58984375 0.203125 0.2671875
0 0.934375 0.8421875 0.071875 0.26875
0 0.9234375 0.60546875 0.153125 0.2265625
0 0.828125 0.56796875 0.165625 0.2109375
0 0.7140625 0.5609375 0.184375 0.23125
0 0.61328125 0.53515625 0.1890625 0.225
0 0.5015625 0.50078125 0.1875 0.221875
0 0.40234375 0.4703125 0.1890625 0.228125
0 0.30625 0.440625 0.1859375 0.2390625
0 0.215625 0.41484375 0.184375 0.225
0 0.12109375 0.3984375 0.175 0.2171875
0 0.071875 0.37734375 0.14375 0.2
0 0.9703125 0.31796875 0.059375 0.1671875
1 0.921875 0.31015625 0.1359375 0.1703125
0 0.828125 0.290625 0.1453125 0.1828125
0 0.74453125 0.2546875 0.153125 0.196875
0 0.65546875 0.2421875 0.1578125 0.1921875
0 0.575 0.2203125 0.14375 0.1875
0 0.4875 0.2125 0.1515625 0.190625
0 0.415625 0.1796875 0.15625 0.1953125
0 0.33125 0.171875 0.16875 0.1890625
0 0.25546875 0.1671875 0.171875 0.2203125
1 0.18125 0.1640625 0.1609375 0.184375
0 0.1265625 0.13984375 0.165625 0.1828125
0 0.10390625 0.10703125 0.1109375 0.184375