0 0.4203125 0.9140625 0.23125 0.171875
0 0.678125 0.93515625 0.225 0.1296875
0 0.46171875 0.79765625 0.25625 0.3609375
0 0.6953125 0.771875 0.309375 0.365625
0 0.4484375 0.50546875 0.2640625 0.3140625
0 0.6765625 0.53359375 0.284375 0.315625
0 0.44609375 0.29296875 0.25 0.3078125
0 0.653125 0.321875 0.2390625 0.25625
0 0.6375 0.14453125 0.2015625 0.240625
0 0.43359375 0.11953125 0.2234375 0.2390625
0 0.43203125 0.03359375 0.1953125 0.065625
0 0.62734375 0.04375 0.2015625 0.0875
0 0.06015625 0.03828125 0.1171875 0.0765625
0 0.0515625 0.14921875 0.103125 0.115625
0 0.0421875 0.27265625 0.084375 0.1140625
0 0.02109375 0.415625 0.0421875 0.171875
0 0.98203125 0.19375 0.0359375 0.25625
0 0.9625 0.07265625 0.075 0.1453125