1 0.678125 0.85546875 0.1953125 0.1625
0 0.609375 0.83671875 0.175 0.1828125
0 0.50625 0.78359375 0.1859375 0.1890625
0 0.3875 0.7265625 0.2140625 0.2
0 0.28359375 0.67265625 0.18125 0.184375
0 0.1765625 0.62265625 0.2078125 0.19375
0 0.078125 0.55546875 0.15625 0.1890625
1 0.7484375 0.6328125 0.190625 0.1765625
0 0.6578125 0.5859375 0.175 0.1796875
0 0.55234375 0.53125 0.1671875 0.165625
0 0.48046875 0.4703125 0.178125 0.15625
0 0.3734375 0.425 0.1546875 0.14375
0 0.27578125 0.38671875 0.1515625 0.1296875
0 0.28984375 0.26640625 0.1109375 0.1453125
1 0.35 0.30546875 0.096875 0.1203125
1 0.3953125 0.3375 0.0984375 0.121875
1 0.44921875 0.3578125 0.1125 0.1265625
0 0.5078125 0.37265625 0.109375 0.1328125
1 0.5515625 0.40625 0.0984375 0.1328125
1 0.603125 0.4390625 0.09375 0.1203125
0 0.66328125 0.46484375 0.1 0.1421875
1 0.70390625 0.48828125 0.1 0.134375
1 0.75703125 0.51640625 0.1 0.1328125
0 0.81953125 0.53984375 0.10625 0.1421875
0 0.8671875 0.340625 0.0828125 0.1203125
0 0.821875 0.3125 0.0859375 0.115625
0 0.77734375 0.2859375 0.078125 0.109375
1 0.7265625 0.26875 0.09375 0.1109375
0 0.671875 0.2421875 0.0859375 0.10625
0 0.628125 0.21953125 0.0875 0.121875
0 0.57734375 0.1875 0.090625 0.11875