0 0.73671875 0.61796875 0.2578125 0.3515625
0 0.89609375 0.6578125 0.2078125 0.325
1 0.53828125 0.58046875 0.2203125 0.29375
1 0.3453125 0.553125 0.2546875 0.3265625
0 0.1640625 0.4953125 0.2359375 0.3046875
0 0.2703125 0.3125 0.190625 0.18125
1 0.4265625 0.35078125 0.1765625 0.1796875
1 0.565625 0.37890625 0.1765625 0.2078125
0 0.7203125 0.3953125 0.175 0.2
0 0.8546875 0.40625 0.146875 0.1828125
1 0.4921875 0.1734375 0.1234375 0.103125
1 0.59375 0.1859375 0.11875 0.1125
0 0.38984375 0.14375 0.1203125 0.1203125
1 0.68828125 0.20859375 0.1234375 0.103125
0 0.79140625 0.21953125 0.1125 0.1078125