0 0.91875 0.13984375 0.1625 0.1484375
0 0.925 0.21328125 0.15 0.1921875
0 0.92109375 0.31328125 0.1578125 0.2171875
1 0.92265625 0.4375 0.1546875 0.225
1 0.9234375 0.51875 0.153125 0.221875
0 0.92421875 0.62890625 0.1515625 0.2515625
0 0.9234375 0.74765625 0.1125 0.23125
0 0.90390625 0.890625 0.0890625 0.21875
0 0.9078125 0.95234375 0.034375 0.0953125
0 0.62890625 0.95078125 0.1921875 0.0984375
0 0.47578125 0.896875 0.2046875 0.20625
0 0.64921875 0.86328125 0.2359375 0.2375
0 0.478125 0.78515625 0.19375 0.2046875
0 0.5046875 0.65859375 0.2171875 0.2140625
0 0.6515625 0.71640625 0.209375 0.2046875
0 0.65546875 0.5890625 0.2015625 0.196875
1 0.51796875 0.55 0.2375 0.246875
0 0.671875 0.4875 0.215625 0.225
0 0.5140625 0.44375 0.2 0.1890625
0 0.53671875 0.35234375 0.196875 0.1953125
1 0.68515625 0.3859375 0.215625 0.2015625
0 0.55859375 0.24453125 0.1734375 0.1703125
0 0.703125 0.29140625 0.2 0.1765625
0 0.69375 0.2078125 0.18125 0.1515625
0 0.70703125 0.1078125 0.18125 0.175
1 0.56875 0.1546875 0.1765625 0.1640625
1 0.5765625 0.09375 0.1546875 0.165625
0 0.05546875 0.89453125 0.1109375 0.0640625
0 0.0640625 0.8265625 0.128125 0.19375
1 0.175 0.878125 0.209375 0.1609375
1 0.09609375 0.71015625 0.1921875 0.2359375
1 0.19453125 0.79140625 0.23125 0.2625
1 0.10859375 0.60078125 0.2171875 0.2453125
1 0.228125 0.6984375 0.2078125 0.2484375
1 0.24609375 0.5734375 0.215625 0.25
0 0.128125 0.48046875 0.209375 0.19375
0 0.2890625 0.46796875 0.1875 0.2015625
0 0.16875 0.384375 0.1703125 0.153125
0 0.30703125 0.35234375 0.1765625 0.1703125
1 0.18046875 0.296875 0.1703125 0.171875
1 0.325 0.27734375 0.1921875 0.1734375
1 0.21015625 0.22265625 0.184375 0.178125
1 0.3421875 0.1859375 0.1875 0.1671875
1 0.22265625 0.14140625 0.1828125 0.175
0 0.36484375 0.09453125 0.165625 0.1640625
0 0.2453125 0.06875 0.165625 0.1375
0 0.375 0.04921875 0.159375 0.0984375
1 0.253125 0.0328125 0.1625 0.065625
1 0.04921875 0.24765625 0.0390625 0.13125
0 0.07421875 0.1609375 0.0515625 0.128125
0 0.09609375 0.08203125 0.0609375 0.13125
1 0.1171875 0.040625 0.075 0.08125