1 0.85625 0.22109375 0.1765625 0.2640625
1 0.8265625 0.37109375 0.171875 0.2390625
0 0.94375 0.2703125 0.1125 0.2125
0 0.92890625 0.4421875 0.1421875 0.253125
0 0.7796875 0.5171875 0.171875 0.2703125
0 0.90859375 0.64296875 0.171875 0.28125
0 0.72734375 0.69921875 0.2078125 0.259375
0 0.690625 0.87421875 0.178125 0.2515625
1 0.87109375 0.8109375 0.1984375 0.3078125
0 0.83125 0.915625 0.19375 0.16875
1 0.6859375 0.9640625 0.16875 0.071875
1 0.59140625 0.034375 0.1421875 0.06875
0 0.690625 0.05078125 0.1453125 0.0984375
0 0.5359375 0.1375 0.15 0.234375
0 0.64453125 0.20078125 0.1453125 0.234375
1 0.50625 0.2703125 0.1640625 0.246875
1 0.59765625 0.3625 0.134375 0.246875
1 0.475 0.409375 0.1671875 0.253125
1 0.55625 0.5203125 0.1640625 0.275
1 0.44375 0.54609375 0.19375 0.2859375
0 0.5125 0.66953125 0.165625 0.2921875
0 0.3703125 0.7453125 0.1734375 0.290625
0 0.46484375 0.8421875 0.1578125 0.315625
0 0.325 0.87890625 0.1703125 0.2328125
1 0.42890625 0.93515625 0.1609375 0.1296875
1 0.09375 0.84765625 0.1390625 0.209375
0 0.01328125 0.8828125 0.0265625 0.096875
0 0.0421875 0.7890625 0.084375 0.271875
1 0.14140625 0.74140625 0.1671875 0.25625
1 0.0703125 0.63359375 0.140625 0.2296875
1 0.19921875 0.57265625 0.1640625 0.2796875
0 0.1171875 0.4640625 0.1703125 0.24375
1 0.2515625 0.4359375 0.153125 0.2734375
0 0.18828125 0.309375 0.1609375 0.2328125
0 0.30859375 0.2625 0.1515625 0.25
1 0.21875 0.19296875 0.184375 0.265625
0 0.35234375 0.1203125 0.1671875 0.2296875
1 0.26796875 0.0875 0.1546875 0.175
1 0.390625 0.046875 0.153125 0.09375
0 0.30703125 0.0109375 0.1328125 0.021875
1 0.11015625 0.04765625 0.1109375 0.0953125
0 0.07734375 0.11640625 0.0953125 0.2328125