0 0.95390625 0.82265625 0.0921875 0.1640625
0 0.925 0.6515625 0.15 0.23125
0 0.89296875 0.43359375 0.2140625 0.2453125
1 0.84921875 0.2375 0.2328125 0.225
0 0.8015625 0.0859375 0.2375 0.171875
0 0.56875 0.7921875 0.2765625 0.259375
1 0.52265625 0.5796875 0.265625 0.2765625
0 0.459375 0.3625 0.2609375 0.2609375
0 0.4 0.128125 0.2546875 0.2375
1 0.61171875 0.94375 0.2421875 0.1125
0 0.27734375 0.9765625 0.2390625 0.046875
0 0.25859375 0.88046875 0.271875 0.225
0 0.2015625 0.659375 0.253125 0.2375
0 0.16484375 0.45078125 0.259375 0.234375
0 0.1078125 0.24453125 0.215625 0.2015625