0 0.9125 0.86953125 0.1265625 0.259375
0 0.81484375 0.8578125 0.2 0.2828125
0 0.70078125 0.8234375 0.2078125 0.2859375
0 0.55234375 0.7828125 0.228125 0.2546875
0 0.4234375 0.734375 0.2484375 0.265625
0 0.3140625 0.70078125 0.2171875 0.2578125
0 0.19921875 0.65546875 0.225 0.2640625
0 0.09765625 0.60859375 0.1953125 0.253125
0 0.9609375 0.653125 0.0703125 0.2171875
0 0.8890625 0.6140625 0.146875 0.20625
0 0.76640625 0.60078125 0.1625 0.2234375
0 0.659375 0.5703125 0.16875 0.215625
0 0.53984375 0.52890625 0.16875 0.2125
0 0.434375 0.4921875 0.16875 0.2203125
0 0.33125 0.45625 0.1625 0.2328125
0 0.23515625 0.4265625 0.1625 0.2171875
0 0.13359375 0.4046875 0.1546875 0.2109375
0 0.071875 0.378125 0.1421875 0.196875
1 0.96953125 0.33984375 0.059375 0.1640625
0 0.89921875 0.31484375 0.1265625 0.1765625
0 0.8109375 0.2734375 0.134375 0.1921875
0 0.715625 0.25546875 0.1390625 0.1875
0 0.628125 0.2296875 0.125 0.1828125
0 0.53515625 0.21796875 0.1328125 0.1859375
0 0.45859375 0.18125 0.1375 0.1890625
0 0.36796875 0.16875 0.153125 0.1796875
0 0.28671875 0.1609375 0.15 0.2140625
1 0.20703125 0.1546875 0.1453125 0.175
0 0.14453125 0.12578125 0.1578125 0.1734375
0 0.1015625 0.0890625 0.1390625 0.178125