0 0.12265625 0.853125 0.1984375 0.29375
0 0.22109375 0.82265625 0.2484375 0.3546875
0 0.353125 0.7359375 0.259375 0.403125
0 0.47890625 0.66875 0.2796875 0.3921875
0 0.59296875 0.59453125 0.24375 0.3671875
0 0.709375 0.53359375 0.253125 0.3640625
0 0.8109375 0.47109375 0.2765625 0.359375
0 0.88515625 0.40703125 0.2296875 0.3515625
0 0.93671875 0.34765625 0.1265625 0.3015625
0 0.03046875 0.578125 0.0609375 0.334375
0 0.08671875 0.515625 0.1734375 0.334375
0 0.19609375 0.4515625 0.1796875 0.3125
0 0.2984375 0.384375 0.1765625 0.3125
0 0.40390625 0.3359375 0.175 0.275
0 0.50390625 0.278125 0.16875 0.28125
0 0.62265625 0.221875 0.1859375 0.2515625
0 0.7078125 0.1703125 0.1640625 0.2625
0 0.7890625 0.1171875 0.178125 0.234375
0 0.88125 0.09765625 0.1625 0.1953125
0 0.90546875 0.06328125 0.1015625 0.1265625