0 0.03203125 0.64921875 0.0640625 0.4171875
0 0.11328125 0.615625 0.2265625 0.365625
0 0.22578125 0.596875 0.2328125 0.3328125
0 0.36171875 0.56796875 0.24375 0.3515625
0 0.4828125 0.5609375 0.259375 0.34375
0 0.59609375 0.54453125 0.2296875 0.3203125
0 0.70859375 0.53984375 0.2359375 0.31875
0 0.809375 0.528125 0.2546875 0.3171875
0 0.8890625 0.51015625 0.221875 0.3109375
0 0.94296875 0.484375 0.1140625 0.265625
0 0.0484375 0.32578125 0.0953125 0.2921875
0 0.12109375 0.3140625 0.175 0.296875
0 0.2328125 0.30234375 0.1765625 0.2890625
0 0.34296875 0.29375 0.171875 0.2703125
0 0.44609375 0.2796875 0.16875 0.26875
0 0.54453125 0.27890625 0.165625 0.240625
0 0.6421875 0.27109375 0.1609375 0.2453125
0 0.753125 0.27109375 0.1734375 0.221875
0 0.8359375 0.26171875 0.1546875 0.2296875
0 0.91875 0.24375 0.1625 0.21875
0 0.9640625 0.246875 0.071875 0.2125
0 0.99453125 0.21796875 0.0109375 0.1890625