1 0.9203125 0.121875 0.0984375 0.24375
0 0.834375 0.1296875 0.1171875 0.259375
0 0.75078125 0.13515625 0.109375 0.2703125
1 0.66328125 0.14296875 0.1015625 0.2859375
0 0.58203125 0.14296875 0.1078125 0.2859375
0 0.4890625 0.14921875 0.103125 0.2984375
0 0.40546875 0.14765625 0.1078125 0.2890625
0 0.31796875 0.15703125 0.1078125 0.296875
0 0.23125 0.16640625 0.1109375 0.3015625
0 0.140625 0.165625 0.109375 0.2890625
0 0.053125 0.1734375 0.10625 0.2921875
0 0.08203125 0.85234375 0.11875 0.29375
0 0.18125 0.84609375 0.11875 0.30625
0 0.26796875 0.84140625 0.1109375 0.3109375
0 0.35859375 0.83125 0.1203125 0.31875
0 0.44375 0.82109375 0.1171875 0.3203125
1 0.534375 0.8109375 0.1109375 0.321875
0 0.62109375 0.80546875 0.103125 0.3125
0 0.709375 0.8015625 0.1140625 0.3296875
0 0.7953125 0.78828125 0.1140625 0.328125
0 0.88359375 0.77421875 0.121875 0.31875
0 0.95703125 0.75859375 0.084375 0.328125