1 0.83984375 0.784375 0.2796875 0.3875
0 0.7625 0.72421875 0.446875 0.4078125
0 0.565625 0.665625 0.521875 0.45625
0 0.37109375 0.59765625 0.5375 0.4421875
0 0.21640625 0.53515625 0.4328125 0.3796875
1 0.1421875 0.45859375 0.284375 0.3296875
0 0.93671875 0.50546875 0.1265625 0.2515625
0 0.8390625 0.4296875 0.321875 0.3625
0 0.71015625 0.390625 0.4703125 0.3640625
0 0.51640625 0.3359375 0.4953125 0.36875
0 0.3703125 0.25234375 0.4515625 0.3328125
0 0.2328125 0.20234375 0.3734375 0.2890625
0 0.1578125 0.12890625 0.1921875 0.225