1 0.05390625 0.68125 0.1078125 0.140625
0 0.18359375 0.7546875 0.196875 0.159375
0 0.33828125 0.8578125 0.2125 0.165625
0 0.5125 0.928125 0.246875 0.14375
0 0.72109375 0.98828125 0.2234375 0.0234375
0 0.7984375 0.93125 0.134375 0.1375
1 0.70390625 0.90859375 0.125 0.159375
0 0.88671875 0.95859375 0.1015625 0.0828125
0 0.6234375 0.85625 0.1140625 0.16875
0 0.55 0.81484375 0.1203125 0.165625
1 0.47734375 0.76953125 0.11875 0.1625
0 0.403125 0.740625 0.115625 0.1640625
0 0.33515625 0.71015625 0.0984375 0.171875
1 0.259375 0.66640625 0.1171875 0.153125
0 0.20078125 0.628125 0.125 0.1484375
1 0.36171875 0.50625 0.13125 0.1078125
0 0.4890625 0.5609375 0.2078125 0.1125
1 0.634375 0.63515625 0.1875 0.1125
1 0.7796875 0.70625 0.2015625 0.109375
0 0.4375 0.384375 0.115625 0.1078125
1 0.50390625 0.4234375 0.0921875 0.1046875
0 0.56171875 0.4375 0.0859375 0.128125
1 0.61328125 0.46015625 0.090625 0.125
0 0.67421875 0.48515625 0.0828125 0.128125
0 0.74140625 0.5078125 0.090625 0.1328125
0 0.8046875 0.53671875 0.1015625 0.1421875
1 0.85625 0.571875 0.09375 0.1359375
0 0.928125 0.59609375 0.0890625 0.1484375
1 0.40546875 0.26328125 0.08125 0.1
0 0.44296875 0.28203125 0.09375 0.09375
0 0.49453125 0.29921875 0.078125 0.0921875
0 0.55 0.3234375 0.0953125 0.09375
0 0.59140625 0.34140625 0.1046875 0.0984375
0 0.65078125 0.36171875 0.09375 0.09375
0 0.6984375 0.38203125 0.1046875 0.1125
0 0.75546875 0.4078125 0.096875 0.0984375
0 0.815625 0.4234375 0.1125 0.09375
0 0.865625 0.44921875 0.0953125 0.09375
0 0.928125 0.47578125 0.096875 0.109375
0 0.97265625 0.5 0.0546875 0.121875
1 0.40703125 0.1515625 0.096875 0.08125
0 0.453125 0.1671875 0.0828125 0.0890625
0 0.48828125 0.18984375 0.1 0.08125
1 0.53046875 0.2125 0.0921875 0.078125
0 0.57421875 0.2296875 0.0921875 0.0828125
1 0.61796875 0.24140625 0.0953125 0.078125
1 0.671875 0.26015625 0.0765625 0.0703125
0 0.7140625 0.2765625 0.0890625 0.0828125
1 0.7671875 0.29921875 0.08125 0.08125
0 0.81640625 0.3140625 0.08125 0.0828125
0 0.86796875 0.334375 0.0765625 0.0875
0 0.92265625 0.35234375 0.0890625 0.0859375
0 0.96875 0.37109375 0.0625 0.0859375
1 0.52578125 0.12421875 0.06875 0.059375
1 0.5640625 0.13984375 0.0640625 0.0578125
1 0.6 0.153125 0.0734375 0.0671875
1 0.64453125 0.16875 0.0609375 0.05625
1 0.68671875 0.1828125 0.06875 0.0578125
1 0.728125 0.19296875 0.06875 0.0578125
1 0.771875 0.209375 0.08125 0.0609375
0 0.81875 0.22109375 0.0734375 0.0734375
1 0.86171875 0.24140625 0.0765625 0.0671875
1 0.9078125 0.26171875 0.08125 0.0625
1 0.95859375 0.27890625 0.0765625 0.0640625
1 0.57109375 0.084375 0.071875 0.0609375
1 0.60390625 0.09453125 0.0640625 0.0578125
0 0.646875 0.10625 0.065625 0.06875
0 0.68515625 0.11796875 0.0734375 0.06875
1 0.72265625 0.140625 0.0765625 0.0640625
0 0.89765625 0.19453125 0.071875 0.0671875
0 0.940625 0.2109375 0.065625 0.0609375
1 0.97265625 0.221875 0.0546875 0.06875