1 0.890625 0.13828125 0.1375 0.125
1 0.96640625 0.16328125 0.0671875 0.1140625
0 0.95078125 0.25859375 0.0984375 0.1171875
1 0.86015625 0.23125 0.128125 0.1109375
1 0.93828125 0.34296875 0.1234375 0.1140625
1 0.840625 0.31484375 0.1390625 0.1171875
0 0.9171875 0.42890625 0.121875 0.103125
1 0.8140625 0.4078125 0.134375 0.121875
1 0.89453125 0.5234375 0.1265625 0.1046875
1 0.78671875 0.49453125 0.1390625 0.128125
0 0.8625 0.61640625 0.13125 0.125
1 0.759375 0.58671875 0.13125 0.11875
1 0.8390625 0.70390625 0.1328125 0.1203125
0 0.7359375 0.67265625 0.1234375 0.109375
0 0.815625 0.79296875 0.1296875 0.1171875
0 0.71171875 0.76484375 0.128125 0.125
1 0.78125 0.91328125 0.1375 0.159375
1 0.678125 0.8765625 0.14375 0.1671875
1 0.746875 0.98203125 0.128125 0.0359375
1 0.646875 0.9671875 0.134375 0.065625
0 0.3984375 0.9328125 0.140625 0.1296875
1 0.2890625 0.9140625 0.14375 0.140625
0 0.33125 0.78203125 0.1453125 0.1640625
0 0.43515625 0.8109375 0.1375 0.165625
0 0.3671875 0.66875 0.134375 0.1109375
1 0.46953125 0.7015625 0.125 0.1125
1 0.39375 0.57734375 0.1328125 0.1125
0 0.496875 0.6078125 0.1296875 0.1171875
0 0.41875 0.4890625 0.13125 0.11875
1 0.5203125 0.51171875 0.128125 0.125
0 0.4453125 0.39296875 0.13125 0.1140625
0 0.54609375 0.4171875 0.1203125 0.0984375
0 0.47265625 0.30859375 0.128125 0.1109375
0 0.57265625 0.33203125 0.128125 0.1078125
1 0.49765625 0.21171875 0.13125 0.1109375
0 0.6015625 0.23984375 0.128125 0.1078125
1 0.521875 0.12890625 0.1328125 0.115625
1 0.62421875 0.15390625 0.1296875 0.121875
1 0.54453125 0.0421875 0.1328125 0.084375
1 0.653125 0.06171875 0.1265625 0.1046875
1 0.31875 0.01953125 0.13125 0.0390625
1 0.19375 0.04375 0.121875 0.0875
1 0.29609375 0.0671875 0.1234375 0.1015625
1 0.1640625 0.125 0.1234375 0.109375
1 0.27109375 0.1515625 0.134375 0.1265625
1 0.1375 0.209375 0.134375 0.1234375
1 0.24296875 0.2453125 0.140625 0.125
0 0.109375 0.3 0.125 0.1125
1 0.21640625 0.32578125 0.1390625 0.11875
1 0.0828125 0.38828125 0.1265625 0.1171875
0 0.190625 0.41640625 0.1375 0.1296875
0 0.0609375 0.4890625 0.121875 0.11875
1 0.1609375 0.51875 0.1296875 0.11875
1 0.0484375 0.5796875 0.096875 0.1125
1 0.03515625 0.671875 0.0703125 0.128125
1 0.02421875 0.76484375 0.0484375 0.1171875
1 0.0109375 0.846875 0.021875 0.1
0 0.1421875 0.6 0.1265625 0.1171875
0 0.11171875 0.69453125 0.1296875 0.1171875
0 0.08671875 0.7859375 0.128125 0.11875
1 0.06171875 0.875 0.1234375 0.103125