1 0.86328125 0.57421875 0.2734375 0.3765625
0 0.77578125 0.5609375 0.4453125 0.3734375
0 0.5625 0.596875 0.4765625 0.4078125
0 0.3671875 0.61953125 0.49375 0.39375
0 0.2046875 0.63671875 0.409375 0.3359375
1 0.12109375 0.59921875 0.2421875 0.2921875
0 0.8765625 0.2890625 0.2296875 0.2484375
0 0.76953125 0.259375 0.4328125 0.3421875
0 0.571875 0.3 0.4328125 0.321875
0 0.38359375 0.33359375 0.45625 0.3234375
0 0.22265625 0.32421875 0.4171875 0.2921875
0 0.12734375 0.3359375 0.2546875 0.253125
0 0.0359375 0.303125 0.071875 0.2