0 0.92265625 0.66953125 0.1546875 0.2453125
0 0.77265625 0.74921875 0.2203125 0.196875
1 0.62265625 0.875 0.1703125 0.1859375
0 0.4625 0.9390625 0.165625 0.121875
1 0.10078125 0.840625 0.1140625 0.10625
0 0.2328125 0.75390625 0.1328125 0.1390625
1 0.36328125 0.6703125 0.1109375 0.125
0 0.47578125 0.59453125 0.1234375 0.1296875
1 0.603125 0.5296875 0.13125 0.0875
1 0.7265625 0.45390625 0.1234375 0.125
0 0.8484375 0.365625 0.140625 0.14375
1 0.94375 0.29609375 0.0875 0.1
0 0.09453125 0.68828125 0.10625 0.128125
0 0.1953125 0.59453125 0.09375 0.10625
1 0.31015625 0.5609375 0.0984375 0.1125
1 0.4140625 0.4765625 0.096875 0.1125
1 0.53515625 0.4125 0.103125 0.1171875
1 0.640625 0.346875 0.10625 0.1203125
1 0.746875 0.28515625 0.1015625 0.1078125
0 0.865625 0.203125 0.103125 0.109375
1 0.0734375 0.5203125 0.1 0.0921875
1 0.16328125 0.45390625 0.103125 0.10625
1 0.25625 0.40390625 0.078125 0.1046875
0 0.346875 0.34140625 0.0921875 0.09375
1 0.4421875 0.29453125 0.096875 0.096875
1 0.53671875 0.23125 0.1046875 0.1
0 0.62265625 0.16484375 0.0921875 0.0875
1 0.7140625 0.12109375 0.1140625 0.103125
0 0.7984375 0.0515625 0.0953125 0.096875
0 0.88671875 0.01875 0.1109375 0.0375
1 0.0640625 0.43203125 0.0890625 0.09375
0 0.146875 0.37734375 0.0921875 0.084375
0 0.2359375 0.32578125 0.084375 0.0921875
1 0.31953125 0.27109375 0.0828125 0.090625
0 0.40078125 0.228125 0.090625 0.0984375
0 0.4859375 0.16875 0.084375 0.0859375
0 0.56796875 0.11953125 0.078125 0.0859375
0 0.64453125 0.06328125 0.090625 0.0828125
1 0.05703125 0.33671875 0.0671875 0.0671875
1 0.1296875 0.29375 0.0671875 0.06875
0 0.2 0.2359375 0.071875 0.071875
1 0.27578125 0.2046875 0.0734375 0.0765625
0 0.34765625 0.14921875 0.0796875 0.08125
0 0.41875 0.1015625 0.071875 0.0734375
0 0.4875 0.05703125 0.08125 0.0765625
0 0.55859375 0.02421875 0.0734375 0.0484375
1 0.05390625 0.27734375 0.0640625 0.0640625
0 0.1234375 0.23671875 0.0640625 0.0640625
0 0.1859375 0.18828125 0.0640625 0.0546875
0 0.2609375 0.1515625 0.071875 0.0640625
0 0.31875 0.0984375 0.0609375 0.05
0 0.396875 0.06328125 0.065625 0.046875
1 0.04453125 0.19375 0.0640625 0.04375
0 0.10625 0.15703125 0.0625 0.040625
0 0.165625 0.11484375 0.053125 0.0375
0 0.22421875 0.08203125 0.0546875 0.04375
0 0.2875 0.05703125 0.0546875 0.04375
0 0.0359375 0.159375 0.0546875 0.0421875
0 0.09921875 0.12421875 0.0546875 0.0375
0 0.153125 0.090625 0.0609375 0.0359375
0 0.21640625 0.0609375 0.046875 0.034375
0 0.03515625 0.1078125 0.04375 0.034375
0 0.03125 0.07890625 0.04375 0.034375
0 0.08671875 0.08046875 0.0515625 0.0328125
0 0.00390625 0.22578125 0.0078125 0.0453125