1 0.11953125 0.50234375 0.18125 0.2421875
0 0.109375 0.81484375 0.21875 0.290625
0 0.2921875 0.8421875 0.16875 0.278125
1 0.27421875 0.55546875 0.15 0.3046875
0 0.440625 0.86875 0.165625 0.2625
0 0.41171875 0.5609375 0.1375 0.265625
0 0.53671875 0.590625 0.115625 0.25
1 0.61171875 0.86953125 0.1859375 0.2609375
1 0.6390625 0.6234375 0.1375 0.25
0 0.72109375 0.87578125 0.18125 0.246875
0 0.7390625 0.6328125 0.140625 0.2578125
0 0.853125 0.6375 0.134375 0.25625
0 0.9390625 0.65625 0.121875 0.246875
1 0.8328125 0.8828125 0.175 0.234375
1 0.89453125 0.86953125 0.1640625 0.2609375
0 0.1296875 0.1578125 0.13125 0.23125
0 0.2578125 0.18828125 0.1484375 0.225
0 0.3625 0.21953125 0.13125 0.190625
0 0.459375 0.24140625 0.125 0.190625
1 0.553125 0.2734375 0.115625 0.16875
0 0.63671875 0.284375 0.121875 0.1765625
0 0.72265625 0.31484375 0.1 0.175
1 0.78828125 0.340625 0.103125 0.175
0 0.8578125 0.35546875 0.121875 0.1625
1 0.921875 0.36015625 0.1125 0.153125
0 0.9640625 0.378125 0.071875 0.14375
1 0.20078125 0.0484375 0.25625 0.096875
1 0.44140625 0.11796875 0.23125 0.14375
1 0.63671875 0.18203125 0.16875 0.090625
1 0.79921875 0.2359375 0.153125 0.05625
1 0.61875 0.04609375 0.0875 0.0921875
1 0.678125 0.06640625 0.103125 0.121875
1 0.74140625 0.08203125 0.1109375 0.1375
1 0.79765625 0.1 0.103125 0.1375
1 0.93359375 0.28046875 0.13125 0.0859375
1 0.85390625 0.11328125 0.1125 0.14375