1 0.84609375 0.81875 0.1421875 0.1421875
0 0.684375 0.8328125 0.2 0.1609375
0 0.5015625 0.875 0.2140625 0.16875
0 0.30625 0.896875 0.25 0.1859375
0 0.09765625 0.89609375 0.1953125 0.103125
0 0.0515625 0.8015625 0.103125 0.190625
1 0.1390625 0.790625 0.1265625 0.1609375
0 0.23359375 0.771875 0.1171875 0.16875
0 0.31875 0.75859375 0.1234375 0.165625
1 0.403125 0.74140625 0.1203125 0.1640625
0 0.48203125 0.7421875 0.11875 0.165625
0 0.55703125 0.7375 0.1015625 0.171875
1 0.64453125 0.72421875 0.11875 0.1546875
0 0.71328125 0.709375 0.1265625 0.15
1 0.60546875 0.5375 0.1328125 0.109375
0 0.4671875 0.5421875 0.209375 0.115625
1 0.30390625 0.55859375 0.1890625 0.115625
1 0.1421875 0.57421875 0.203125 0.1109375
0 0.57890625 0.3953125 0.1171875 0.109375
1 0.5015625 0.40703125 0.09375 0.1046875
0 0.4421875 0.4 0.0890625 0.1296875
1 0.38671875 0.403125 0.09375 0.1265625
0 0.3203125 0.4046875 0.084375 0.1296875
0 0.2484375 0.4015625 0.0921875 0.134375
0 0.1796875 0.40546875 0.1046875 0.1421875
1 0.11796875 0.4203125 0.0953125 0.1375
0 0.04375 0.4171875 0.0875 0.1515625
1 0.65234375 0.29375 0.0828125 0.1015625
0 0.6109375 0.29765625 0.0953125 0.09375
0 0.55546875 0.29375 0.0796875 0.0953125
0 0.4953125 0.296875 0.0984375 0.0953125
0 0.44921875 0.2984375 0.10625 0.1
0 0.3859375 0.29609375 0.0953125 0.09375
0 0.33515625 0.2984375 0.10625 0.1140625
0 0.271875 0.3015625 0.0984375 0.1015625
0 0.209375 0.2953125 0.1140625 0.0953125
0 0.153125 0.3015625 0.0984375 0.0953125
0 0.08515625 0.30390625 0.0984375 0.109375
0 0.03984375 0.31015625 0.0453125 0.1171875
1 0.69140625 0.18671875 0.0984375 0.0828125
0 0.6421875 0.18515625 0.084375 0.090625
0 0.60078125 0.19375 0.1015625 0.0828125
1 0.553125 0.2 0.0953125 0.0796875
0 0.50625 0.2 0.09375 0.084375
1 0.4609375 0.19609375 0.096875 0.0796875
1 0.4046875 0.19375 0.078125 0.071875
0 0.3578125 0.19375 0.090625 0.084375
1 0.29921875 0.19609375 0.0828125 0.0828125
0 0.2484375 0.1921875 0.0828125 0.084375
0 0.19296875 0.1921875 0.078125 0.0875
0 0.134375 0.18984375 0.090625 0.0875
0 0.08125 0.1890625 0.071875 0.0859375
1 0.5890625 0.11875 0.0703125 0.0609375
1 0.54765625 0.11953125 0.0640625 0.059375
1 0.509375 0.11796875 0.075 0.0671875
1 0.4625 0.11796875 0.0625 0.05625
1 0.4171875 0.11640625 0.0703125 0.059375
1 0.37421875 0.11015625 0.0703125 0.059375
1 0.32734375 0.11015625 0.0828125 0.0609375
0 0.2796875 0.1046875 0.0734375 0.0734375
1 0.23125 0.1078125 0.078125 0.0671875
1 0.18125 0.11015625 0.0828125 0.0640625
1 0.1265625 0.1078125 0.078125 0.0640625
1 0.5609375 0.06484375 0.0734375 0.0625
1 0.52734375 0.06328125 0.0640625 0.059375
0 0.48203125 0.0578125 0.0671875 0.0703125
0 0.4421875 0.05546875 0.075 0.0703125
1 0.39921875 0.06328125 0.078125 0.065625
0 0.2140625 0.05 0.071875 0.0703125
0 0.16953125 0.05 0.0671875 0.0625
1 0.125 0.04609375 0.075 0.0703125
1 0.08828125 0.0453125 0.03125 0.0703125