1 0.11640625 0.56640625 0.165625 0.2328125
0 0.1640625 0.86953125 0.2046875 0.259375
0 0.353125 0.86640625 0.1484375 0.265625
1 0.28046875 0.5890625 0.1265625 0.3015625
0 0.50703125 0.86953125 0.146875 0.259375
0 0.41796875 0.56875 0.11875 0.2625
0 0.54765625 0.57421875 0.0984375 0.246875
1 0.6765625 0.8515625 0.1640625 0.2828125
1 0.6546875 0.58671875 0.1203125 0.24375
0 0.78984375 0.84296875 0.159375 0.284375
0 0.75625 0.57734375 0.121875 0.253125
0 0.86875 0.559375 0.1140625 0.253125
0 0.95234375 0.56328125 0.09375 0.246875
1 0.90234375 0.834375 0.153125 0.2828125
1 0.9453125 0.815625 0.1078125 0.325
0 0.0609375 0.2234375 0.115625 0.2265625
0 0.19375 0.228125 0.1328125 0.21875
0 0.303125 0.2390625 0.11875 0.1859375
0 0.403125 0.24296875 0.109375 0.1859375
1 0.5015625 0.25625 0.1046875 0.1625
0 0.5875 0.25078125 0.109375 0.171875
0 0.678125 0.26484375 0.0875 0.1703125
1 0.7484375 0.27734375 0.090625 0.171875
0 0.8203125 0.2796875 0.1109375 0.15625
1 0.884375 0.27109375 0.103125 0.146875
0 0.94453125 0.27734375 0.09375 0.1375
1 0.1171875 0.08203125 0.234375 0.115625
1 0.36171875 0.12421875 0.2265625 0.1265625
1 0.56796875 0.14921875 0.1640625 0.078125
1 0.7390625 0.17109375 0.153125 0.04375
1 0.52265625 0.03203125 0.0796875 0.0625
1 0.58671875 0.04296875 0.0953125 0.0859375
1 0.65234375 0.04765625 0.1 0.0953125
1 0.71171875 0.053125 0.0953125 0.10625
1 0.89375 0.1859375 0.15625 0.0734375
1 0.76953125 0.05546875 0.103125 0.1109375