1 0.9 0.63046875 0.2 0.3828125
0 0.80546875 0.5765625 0.3890625 0.415625
0 0.621875 0.55703125 0.54375 0.4671875
0 0.4015625 0.5328125 0.5625 0.4515625
0 0.22578125 0.5078125 0.4515625 0.3875
1 0.1359375 0.44296875 0.271875 0.3421875
0 0.9546875 0.31640625 0.0828125 0.221875
0 0.8328125 0.2578125 0.2953125 0.328125
0 0.7078125 0.23359375 0.4921875 0.36875
0 0.490625 0.22265625 0.5203125 0.3734375
0 0.3171875 0.1703125 0.475 0.3375
0 0.17734375 0.16640625 0.3546875 0.2671875
0 0.0796875 0.14921875 0.159375 0.1390625