1 0.2078125 0.06328125 0.16875 0.1265625
1 0.11953125 0.05859375 0.0921875 0.1171875
0 0.109375 0.159375 0.1171875 0.140625
1 0.2109375 0.1578125 0.1578125 0.1421875
1 0.09921875 0.259375 0.1375 0.1421875
1 0.20625 0.25546875 0.171875 0.15
0 0.0875 0.35703125 0.1484375 0.1328125
1 0.20703125 0.365625 0.1671875 0.153125
1 0.0828125 0.4671875 0.1546875 0.134375
1 0.209375 0.46875 0.171875 0.1625
0 0.0890625 0.578125 0.1640625 0.1578125
1 0.2109375 0.57734375 0.1625 0.1515625
1 0.0859375 0.68046875 0.1640625 0.153125
0 0.20859375 0.67890625 0.153125 0.140625
0 0.08359375 0.78515625 0.1609375 0.1484375
0 0.20703125 0.7875 0.1609375 0.1578125
1 0.09453125 0.88359375 0.159375 0.109375
1 0.21484375 0.890625 0.1734375 0.146875
0 0.61640625 0.91171875 0.1859375 0.1765625
0 0.49453125 0.9109375 0.1765625 0.178125
0 0.61328125 0.78984375 0.165625 0.1421875
1 0.4921875 0.79375 0.1546875 0.1421875
1 0.61328125 0.6828125 0.1625 0.14375
0 0.490625 0.6828125 0.1609375 0.1484375
0 0.6125 0.578125 0.1625 0.1515625
1 0.4953125 0.571875 0.1609375 0.1578125
0 0.6140625 0.46484375 0.1625 0.146875
0 0.496875 0.46015625 0.146875 0.1265625
0 0.61015625 0.3640625 0.1578125 0.1421875
0 0.49453125 0.3578125 0.1578125 0.1390625
1 0.6140625 0.25078125 0.1609375 0.1421875
0 0.49296875 0.2484375 0.1578125 0.1390625
1 0.61328125 0.1515625 0.1640625 0.146875
1 0.49375 0.1484375 0.1609375 0.1546875
1 0.6125 0.05234375 0.15625 0.1046875
1 0.48828125 0.0515625 0.1546875 0.103125
1 0.86796875 0.090625 0.1546875 0.075
1 0.96328125 0.15234375 0.0734375 0.1359375
1 0.88046875 0.15625 0.1515625 0.13125
1 0.9640625 0.25859375 0.071875 0.1390625
1 0.8796875 0.25546875 0.16875 0.159375
1 0.96171875 0.35546875 0.0765625 0.1484375
1 0.88125 0.3671875 0.1734375 0.159375
0 0.96484375 0.46171875 0.0703125 0.1328125
1 0.884375 0.46328125 0.171875 0.153125
1 0.965625 0.5640625 0.06875 0.13125
0 0.8859375 0.5703125 0.1703125 0.1625
0 0.95703125 0.68046875 0.05625 0.1296875
1 0.88515625 0.69140625 0.1609375 0.1515625
0 0.88046875 0.78515625 0.1578125 0.146875
0 0.8703125 0.8953125 0.134375 0.14375
0 0.8625 0.965625 0.10625 0.06875