0 0.05703125 0.84375 0.0953125 0.3125
0 0.15546875 0.81875 0.2234375 0.3625
0 0.26875 0.75546875 0.2125 0.340625
0 0.3921875 0.66875 0.225 0.359375
0 0.509375 0.61171875 0.24375 0.35
0 0.615625 0.54765625 0.2125 0.328125
0 0.72421875 0.49453125 0.21875 0.325
0 0.81953125 0.440625 0.240625 0.31875
0 0.89453125 0.384375 0.209375 0.315625
0 0.94296875 0.32890625 0.1125 0.275
0 0.06171875 0.51796875 0.1234375 0.3109375
0 0.15078125 0.45859375 0.15625 0.3
0 0.2578125 0.40390625 0.153125 0.278125
0 0.35390625 0.34609375 0.15 0.278125
0 0.45078125 0.3046875 0.15 0.246875
0 0.5453125 0.25546875 0.146875 0.253125
0 0.65546875 0.2078125 0.1625 0.225
0 0.734375 0.1640625 0.140625 0.234375
0 0.81015625 0.11015625 0.1546875 0.2203125
0 0.8953125 0.09453125 0.140625 0.1890625
0 0.9375 0.06484375 0.125 0.128125