1 0.08203125 0.46484375 0.1375 0.2046875
0 0.07265625 0.24765625 0.1109375 0.2046875
0 0.1734375 0.24609375 0.103125 0.15
0 0.17578125 0.43203125 0.1140625 0.19375
0 0.0984375 0.8828125 0.128125 0.234375
0 0.27421875 0.4234375 0.1265625 0.2109375
1 0.25546875 0.23125 0.109375 0.1671875
0 0.34921875 0.23125 0.1078125 0.178125
1 0.36484375 0.4109375 0.1125 0.2078125
1 0.2 0.8875 0.1421875 0.221875
1 0.4265625 0.20703125 0.1078125 0.171875
0 0.45546875 0.38984375 0.1078125 0.178125
0 0.30078125 0.86484375 0.1421875 0.240625
0 0.409375 0.8390625 0.1359375 0.21875
1 0.5140625 0.8296875 0.1296875 0.2125
1 0.61484375 0.81875 0.125 0.21875
1 0.540625 0.37734375 0.1125 0.1734375
1 0.634375 0.371875 0.1140625 0.190625
1 0.7328125 0.36796875 0.1078125 0.2
1 0.81875 0.36328125 0.1140625 0.1984375
1 0.9140625 0.35390625 0.1109375 0.203125
0 0.51796875 0.2 0.1125 0.16875
0 0.60703125 0.18828125 0.1046875 0.1640625
0 0.71796875 0.8140625 0.128125 0.228125
1 0.81875 0.7953125 0.1234375 0.225
0 0.91328125 0.78671875 0.1140625 0.2265625
1 0.978125 0.7875 0.04375 0.221875
1 0.6921875 0.18203125 0.096875 0.1484375
0 0.7890625 0.18125 0.10625 0.1640625
1 0.8671875 0.1671875 0.0984375 0.178125