0 0.759375 0.3484375 0.1078125 0.0828125
0 0.65 0.36015625 0.1390625 0.08125
0 0.51875 0.3734375 0.1359375 0.071875
0 0.3796875 0.378125 0.128125 0.0875
0 0.25546875 0.3734375 0.1125 0.0796875
0 0.1546875 0.3734375 0.09375 0.053125
0 0.06640625 0.37265625 0.0828125 0.071875
0 0.01640625 0.36875 0.0328125 0.046875
0 0.921875 0.54609375 0.0546875 0.1703125
1 0.8828125 0.5515625 0.0765625 0.153125
1 0.834375 0.55546875 0.0828125 0.165625
0 0.79375 0.57265625 0.09375 0.190625
0 0.73125 0.578125 0.09375 0.1953125
1 0.68359375 0.5953125 0.0859375 0.1640625
0 0.61875 0.60390625 0.0828125 0.184375
1 0.553125 0.603125 0.08125 0.1921875
0 0.47890625 0.60234375 0.0890625 0.196875
0 0.415625 0.6078125 0.0859375 0.1921875
0 0.34609375 0.603125 0.103125 0.1796875
1 0.284375 0.59296875 0.0921875 0.165625
1 0.23046875 0.58125 0.0890625 0.15625
1 0.1796875 0.575 0.090625 0.1515625
0 0.13515625 0.57578125 0.0984375 0.146875
1 0.090625 0.55859375 0.0671875 0.1375
1 0.05625 0.56171875 0.0875 0.146875
0 0.02734375 0.54921875 0.0546875 0.1390625
1 0.01171875 0.54296875 0.0234375 0.1359375