1 0.03203125 0.31328125 0.05625 0.1203125
1 0.11015625 0.2875 0.103125 0.0984375
1 0.19140625 0.26171875 0.0859375 0.084375
1 0.27578125 0.25234375 0.09375 0.0953125
0 0.35859375 0.2375 0.103125 0.134375
1 0.43046875 0.21328125 0.09375 0.1109375
0 0.5171875 0.19140625 0.09375 0.125
1 0.584375 0.18125 0.0921875 0.1296875
0 0.6640625 0.153125 0.096875 0.134375
0 0.73984375 0.14765625 0.090625 0.1375
0 0.80546875 0.12578125 0.09375 0.134375
1 0.87578125 0.11875 0.096875 0.1015625
0 0.94765625 0.10234375 0.103125 0.13125
1 0.9890625 0.08359375 0.0203125 0.1109375
0 0.05 0.61875 0.1 0.203125
1 0.1421875 0.58515625 0.11875 0.1765625
0 0.25 0.5640625 0.1125 0.21875
1 0.3578125 0.54453125 0.1265625 0.1859375
1 0.45546875 0.52265625 0.11875 0.1796875
0 0.54921875 0.48671875 0.125 0.1953125
1 0.6375 0.4796875 0.125 0.18125
1 0.7359375 0.4515625 0.128125 0.19375
1 0.81953125 0.425 0.125 0.1984375
0 0.91171875 0.41171875 0.121875 0.2109375
0 0.97109375 0.37421875 0.05625 0.190625
0 0.44296875 0.9734375 0.1203125 0.0515625
1 0.5765625 0.9484375 0.1296875 0.1015625
1 0.696875 0.9359375 0.1328125 0.1265625
0 0.81953125 0.91328125 0.125 0.171875
0 0.93203125 0.8921875 0.1171875 0.2140625