0 0.965625 0.86875 0.0546875 0.2609375
0 0.89765625 0.8390625 0.1890625 0.3203125
0 0.7203125 0.80546875 0.234375 0.3875
0 0.5609375 0.7859375 0.2328125 0.40625
0 0.40859375 0.74296875 0.2328125 0.40625
0 0.27421875 0.7 0.2328125 0.4265625
0 0.1171875 0.69609375 0.234375 0.39375
0 0.0515625 0.63359375 0.103125 0.3828125
1 0.97734375 0.4625 0.04375 0.2421875
1 0.9890625 0.10625 0.0203125 0.1671875
0 0.903125 0.4328125 0.1640625 0.23125
0 0.78046875 0.4203125 0.16875 0.2203125
0 0.65 0.38203125 0.184375 0.2703125
0 0.53828125 0.3640625 0.1484375 0.234375
0 0.4265625 0.309375 0.178125 0.26875
1 0.34375 0.309375 0.1421875 0.253125
0 0.24453125 0.2640625 0.1578125 0.2453125
0 0.17109375 0.21796875 0.1765625 0.2828125
0 0.0875 0.19765625 0.1609375 0.234375
0 0.025 0.15703125 0.0328125 0.24375
0 0.95234375 0.10546875 0.0796875 0.1828125
1 0.86796875 0.09375 0.0875 0.1640625
1 0.79765625 0.07265625 0.08125 0.128125
1 0.7140625 0.0765625 0.096875 0.1421875
0 0.6296875 0.0609375 0.0890625 0.1171875
1 0.56015625 0.0453125 0.10625 0.090625
0 0.49375 0.034375 0.0890625 0.06875
1 0.4203125 0.01875 0.0859375 0.0375