0 0.01484375 0.1546875 0.0203125 0.253125
0 0.0890625 0.15234375 0.134375 0.2546875
0 0.22265625 0.17265625 0.140625 0.25
0 0.3671875 0.18984375 0.15 0.2609375
0 0.5140625 0.2015625 0.1359375 0.2765625
0 0.65 0.234375 0.1421875 0.25625
0 0.7890625 0.25234375 0.1359375 0.2765625
0 0.934375 0.25 0.13125 0.26875
0 0.9078125 0.8078125 0.178125 0.3390625
0 0.7578125 0.78828125 0.190625 0.2859375
0 0.5796875 0.76015625 0.1734375 0.2953125
0 0.44140625 0.7578125 0.16875 0.3109375
0 0.28359375 0.72109375 0.175 0.2921875
0 0.1328125 0.72578125 0.18125 0.2921875
0 0.03359375 0.68125 0.0671875 0.309375