1 0.0609375 0.71875 0.121875 0.196875
1 0.028125 0.84609375 0.05625 0.1140625
1 0.11640625 0.878125 0.1515625 0.125
1 0.25234375 0.91484375 0.153125 0.128125
1 0.38203125 0.94296875 0.165625 0.109375
1 0.52265625 0.96015625 0.1515625 0.0796875
1 0.64765625 0.978125 0.1640625 0.04375
1 0.77578125 0.98984375 0.1578125 0.0203125
1 0.8515625 0.9375 0.15 0.125
1 0.75 0.9125 0.20625 0.175
1 0.6328125 0.8953125 0.19375 0.209375
1 0.51796875 0.86328125 0.178125 0.209375
1 0.403125 0.82890625 0.2 0.2140625
0 0.28828125 0.7859375 0.1765625 0.221875
0 0.16953125 0.7421875 0.1625 0.20625
0 0.053125 0.47890625 0.10625 0.1234375
0 0.14375 0.5046875 0.1140625 0.1265625
0 0.24140625 0.534375 0.1171875 0.11875
0 0.346875 0.56171875 0.1125 0.1265625
0 0.43828125 0.59140625 0.1140625 0.121875
0 0.5296875 0.6171875 0.128125 0.13125
0 0.621875 0.64765625 0.128125 0.13125
0 0.71796875 0.675 0.125 0.1359375
0 0.80859375 0.690625 0.1265625 0.1265625
0 0.90234375 0.71640625 0.10625 0.115625
0 0.9625 0.73203125 0.03125 0.1
1 0.94609375 0.6421875 0.0921875 0.1265625
1 0.86953125 0.62109375 0.134375 0.125
1 0.7875 0.5890625 0.121875 0.1109375
1 0.70625 0.5640625 0.11875 0.1078125
0 0.62109375 0.5265625 0.103125 0.1140625
1 0.53203125 0.5109375 0.1046875 0.1078125
0 0.45625 0.4734375 0.1171875 0.1265625
0 0.3625 0.4671875 0.128125 0.1203125
1 0.2671875 0.45 0.1046875 0.1078125
1 0.18515625 0.43125 0.1203125 0.11875
1 0.09765625 0.4015625 0.121875 0.1234375
1 0.09140625 0.2625 0.0984375 0.0890625
1 0.17109375 0.28125 0.0953125 0.0890625
1 0.246875 0.31171875 0.0984375 0.0921875
1 0.315625 0.328125 0.0921875 0.0796875
1 0.39140625 0.34453125 0.115625 0.09375
1 0.46953125 0.36875 0.0953125 0.084375
1 0.54609375 0.3859375 0.0859375 0.0765625
1 0.6125 0.40859375 0.1015625 0.0828125
1 0.68671875 0.428125 0.1078125 0.0828125
1 0.7578125 0.44765625 0.090625 0.0796875
1 0.83359375 0.47109375 0.1125 0.096875
1 0.90390625 0.49140625 0.10625 0.0875
1 0.959375 0.50859375 0.08125 0.0703125
1 0.9484375 0.446875 0.103125 0.078125
1 0.8859375 0.425 0.103125 0.0703125
1 0.81484375 0.4078125 0.10625 0.06875
1 0.746875 0.38984375 0.1 0.0640625
1 0.68203125 0.37109375 0.096875 0.06875
1 0.6140625 0.3515625 0.0875 0.0609375
1 0.5390625 0.33359375 0.0921875 0.0640625
1 0.47578125 0.31796875 0.0859375 0.0671875
1 0.4078125 0.29140625 0.0875 0.0625
1 0.3375 0.2734375 0.084375 0.071875
1 0.2671875 0.25078125 0.0875 0.078125
1 0.1984375 0.23125 0.0921875 0.078125
1 0.125 0.20625 0.10625 0.0765625
1 0.1234375 0.1125 0.08125 0.0671875
1 0.1859375 0.13203125 0.090625 0.0609375
1 0.24765625 0.15 0.0765625 0.059375
1 0.30859375 0.16796875 0.0875 0.0625
1 0.36875 0.1828125 0.0734375 0.0515625
1 0.4296875 0.20078125 0.0765625 0.059375
1 0.49140625 0.2203125 0.0703125 0.0546875
1 0.546875 0.2375 0.078125 0.06875
1 0.60859375 0.25625 0.084375 0.059375
1 0.67109375 0.27265625 0.0765625 0.0578125
1 0.73046875 0.29140625 0.08125 0.059375
1 0.7875 0.31328125 0.084375 0.0625
1 0.8484375 0.33125 0.08125 0.059375
1 0.90859375 0.35078125 0.0875 0.0625
1 0.884375 0.2984375 0.0875 0.0609375
1 0.8328125 0.28828125 0.0859375 0.0546875
1 0.778125 0.2703125 0.078125 0.053125
1 0.7234375 0.253125 0.078125 0.0453125
1 0.66640625 0.2359375 0.078125 0.053125
1 0.61171875 0.2171875 0.071875 0.0515625
1 0.553125 0.20234375 0.0703125 0.0484375
1 0.496875 0.18515625 0.071875 0.0515625
1 0.43828125 0.16875 0.065625 0.0515625
1 0.38359375 0.15 0.065625 0.05
1 0.1515625 0.08359375 0.0890625 0.05625
1 0.209375 0.09765625 0.0765625 0.05
1 0.265625 0.1171875 0.075 0.0484375
1 0.325 0.13046875 0.0734375 0.053125
1 0.1484375 0.021875 0.071875 0.04375
1 0.1671875 0.00546875 0.071875 0.0109375
1 0.2140625 0.0140625 0.071875 0.028125
1 0.20234375 0.0328125 0.06875 0.0546875
1 0.25078125 0.046875 0.0671875 0.04375
1 0.26640625 0.0234375 0.0640625 0.04375
1 0.30390625 0.06484375 0.065625 0.05
1 0.315625 0.03984375 0.0609375 0.04375
1 0.35390625 0.07890625 0.065625 0.05
1 0.3625 0.05625 0.0640625 0.04375
1 0.40390625 0.09609375 0.0609375 0.053125
1 0.41328125 0.065625 0.0578125 0.0421875
1 0.45390625 0.1078125 0.065625 0.046875
1 0.4625 0.08359375 0.0578125 0.04375
1 0.51015625 0.09375 0.0640625 0.0390625
1 0.50546875 0.121875 0.0640625 0.04375
1 0.56015625 0.11328125 0.0640625 0.0390625
1 0.553125 0.14375 0.06875 0.0453125
1 0.60703125 0.12734375 0.06875 0.04375
1 0.60703125 0.1578125 0.065625 0.0515625
1 0.65625 0.14453125 0.0640625 0.04375
1 0.65859375 0.171875 0.0640625 0.04375
1 0.703125 0.15859375 0.0640625 0.0390625
1 0.7078125 0.18984375 0.0609375 0.0390625
1 0.74921875 0.16953125 0.06875 0.0453125
1 0.75703125 0.2 0.0703125 0.0484375
1 0.7984375 0.1859375 0.071875 0.0453125
1 0.80546875 0.21640625 0.0671875 0.040625
1 0.8390625 0.19921875 0.071875 0.0453125
1 0.85625 0.22890625 0.0671875 0.046875
1 0.2921875 0.00546875 0.0625 0.0109375
1 0.33984375 0.0109375 0.0609375 0.021875
1 0.38359375 0.01640625 0.0609375 0.0328125
1 0.390625 0.00625 0.053125 0.0125
1 0.42421875 0.02734375 0.0546875 0.0421875
1 0.43203125 0.0140625 0.0578125 0.028125
1 0.4765625 0.01484375 0.053125 0.0296875
1 0.47421875 0.0375 0.0609375 0.0421875
1 0.5171875 0.03046875 0.0578125 0.0421875
1 0.5140625 0.0546875 0.05625 0.0375
1 0.56015625 0.0421875 0.05625 0.0375
1 0.559375 0.06875 0.0609375 0.0421875
1 0.60390625 0.059375 0.059375 0.0359375
1 0.6046875 0.08046875 0.059375 0.0390625
1 0.6453125 0.071875 0.0609375 0.0421875
1 0.6515625 0.10078125 0.059375 0.03125
1 0.6859375 0.08671875 0.059375 0.0390625
1 0.69453125 0.11171875 0.053125 0.0359375
1 0.72734375 0.0984375 0.0484375 0.034375
1 0.73671875 0.121875 0.05 0.0296875
1 0.77265625 0.1109375 0.0546875 0.0390625
1 0.77890625 0.13671875 0.053125 0.03125
1 0.80703125 0.121875 0.0609375 0.0359375
1 0.8203125 0.14765625 0.0578125 0.0328125
1 0.5234375 0.00546875 0.040625 0.0109375
1 0.56171875 0.01328125 0.05625 0.025
1 0.56171875 0.00625 0.05 0.0109375
1 0.5984375 0.02578125 0.0375 0.025
1 0.6 0.015625 0.0453125 0.01875
1 0.63671875 0.0375 0.0515625 0.03125
1 0.6390625 0.02421875 0.0484375 0.025
1 0.6734375 0.046875 0.05 0.0296875
1 0.6765625 0.03203125 0.046875 0.0296875
1 0.715625 0.05703125 0.0484375 0.0296875
1 0.71015625 0.04140625 0.0546875 0.034375
1 0.7484375 0.05234375 0.0578125 0.0328125
1 0.7484375 0.07421875 0.053125 0.025
1 0.78515625 0.0609375 0.0515625 0.03125
1 0.79375 0.08203125 0.05 0.03125