1 0.0671875 0.8140625 0.13125 0.184375
1 0.0515625 0.94453125 0.103125 0.0671875
1 0.1828125 0.9484375 0.1375 0.075
1 0.334375 0.9546875 0.140625 0.078125
1 0.47578125 0.9625 0.1578125 0.0734375
1 0.63203125 0.96171875 0.14375 0.075
1 0.77109375 0.96640625 0.159375 0.065625
1 0.90703125 0.9625 0.1421875 0.0734375
1 0.946875 0.87421875 0.075 0.1609375
1 0.85625 0.8578125 0.184375 0.171875
1 0.7265625 0.8578125 0.165625 0.19375
1 0.5984375 0.85078125 0.1484375 0.1953125
1 0.4703125 0.8421875 0.171875 0.19375
0 0.340625 0.825 0.1453125 0.2078125
0 0.2046875 0.80859375 0.1328125 0.19375
0 0.034375 0.56484375 0.06875 0.1140625
0 0.1203125 0.56484375 0.0984375 0.115625
0 0.2296875 0.5734375 0.103125 0.10625
0 0.346875 0.5765625 0.09375 0.115625
0 0.45 0.5859375 0.0984375 0.109375
0 0.55078125 0.590625 0.1140625 0.1171875
0 0.65546875 0.6 0.1109375 0.1171875
0 0.7625 0.6046875 0.109375 0.1234375
0 0.8609375 0.6 0.1140625 0.1140625
0 0.95859375 0.60390625 0.0765625 0.10625
1 0.97734375 0.5140625 0.04375 0.1171875
1 0.9078125 0.5125 0.11875 0.109375
1 0.8140625 0.4984375 0.1109375 0.096875
1 0.7234375 0.49140625 0.109375 0.09375
0 0.625 0.47265625 0.0875 0.1046875
1 0.52890625 0.478125 0.0921875 0.0984375
0 0.440625 0.4578125 0.1015625 0.115625
0 0.340625 0.4734375 0.115625 0.10625
1 0.2375 0.47890625 0.0921875 0.0984375
1 0.146875 0.478125 0.10625 0.10625
1 0.0515625 0.46953125 0.103125 0.1109375
1 0.03046875 0.32734375 0.0484375 0.078125
1 0.0953125 0.325 0.0859375 0.078125
1 0.18203125 0.33828125 0.0890625 0.078125
1 0.25859375 0.33984375 0.0859375 0.0671875
1 0.34140625 0.3375 0.1078125 0.078125
1 0.428125 0.3453125 0.0859375 0.0703125
1 0.51328125 0.34453125 0.078125 0.065625
1 0.5875 0.3515625 0.0953125 0.06875
1 0.6703125 0.3546875 0.1015625 0.0671875
1 0.75 0.3578125 0.08125 0.0671875
1 0.83515625 0.36328125 0.1015625 0.08125
1 0.91171875 0.36796875 0.0984375 0.071875
1 0.96796875 0.3703125 0.0625 0.0578125
1 0.94921875 0.309375 0.1 0.0625
1 0.878125 0.303125 0.1015625 0.0546875
1 0.8 0.303125 0.103125 0.0515625
1 0.72421875 0.29921875 0.0984375 0.0484375
1 0.65078125 0.29609375 0.09375 0.0546875
1 0.57578125 0.2921875 0.084375 0.046875
1 0.49296875 0.29140625 0.0875 0.05
1 0.4234375 0.28984375 0.08125 0.0546875
1 0.3453125 0.27890625 0.084375 0.05
1 0.26875 0.278125 0.078125 0.059375
1 0.18984375 0.2703125 0.0796875 0.0671875
1 0.1125 0.26640625 0.0859375 0.0671875
1 0.0453125 0.2609375 0.0703125 0.059375
1 0.0296875 0.16171875 0.028125 0.0546875
1 0.075 0.165625 0.0875 0.046875
1 0.14453125 0.16875 0.0734375 0.046875
1 0.21171875 0.1734375 0.0828125 0.05
1 0.278125 0.17421875 0.071875 0.040625
1 0.346875 0.178125 0.071875 0.0484375
1 0.415625 0.184375 0.0671875 0.0453125
1 0.478125 0.1890625 0.071875 0.059375
1 0.54609375 0.19375 0.0796875 0.046875
1 0.615625 0.19453125 0.071875 0.046875
1 0.68359375 0.2015625 0.0796875 0.046875
1 0.7484375 0.21015625 0.0796875 0.05
1 0.81640625 0.21328125 0.0796875 0.046875
1 0.88359375 0.21953125 0.084375 0.05
1 0.8453125 0.17109375 0.0859375 0.0453125
1 0.7890625 0.17265625 0.0859375 0.040625
1 0.728125 0.1671875 0.075 0.040625
1 0.665625 0.16328125 0.0765625 0.0328125
1 0.60234375 0.15859375 0.075 0.040625
1 0.540625 0.15234375 0.06875 0.040625
1 0.47578125 0.15 0.06875 0.0359375
1 0.41328125 0.14609375 0.06875 0.040625
1 0.34765625 0.14375 0.0640625 0.040625
1 0.2859375 0.1359375 0.0625 0.0390625
1 0.0453125 0.1234375 0.0546875 0.040625
1 0.09140625 0.12421875 0.075 0.0359375
1 0.15546875 0.13046875 0.0734375 0.0359375
1 0.2203125 0.13125 0.0703125 0.0421875
1 0.03203125 0.05625 0.021875 0.0390625
1 0.0421875 0.0265625 0.0359375 0.0234375
1 0.075 0.0296875 0.071875 0.0296875
1 0.06875 0.0578125 0.0640625 0.0453125
1 0.121875 0.0609375 0.0640625 0.034375
1 0.1328125 0.0328125 0.0640625 0.034375
1 0.1828125 0.06640625 0.0640625 0.0390625
1 0.1890625 0.03828125 0.059375 0.034375
1 0.2375 0.06953125 0.0625 0.0390625
1 0.24140625 0.04375 0.0625 0.034375
1 0.2953125 0.075 0.05625 0.0453125
1 0.29765625 0.04140625 0.0546875 0.0328125
1 0.35 0.0765625 0.0625 0.0359375
1 0.35234375 0.04765625 0.0546875 0.0359375
1 0.4046875 0.04765625 0.0640625 0.028125
1 0.4078125 0.078125 0.0625 0.034375
1 0.46171875 0.05546875 0.0625 0.028125
1 0.4625 0.0890625 0.06875 0.034375
1 0.51328125 0.059375 0.0671875 0.0328125
1 0.521875 0.090625 0.0625 0.040625
1 0.5703125 0.06484375 0.0625 0.0328125
1 0.5796875 0.09296875 0.0625 0.03125
1 0.62265625 0.06875 0.0640625 0.028125
1 0.634375 0.1 0.059375 0.028125
1 0.67265625 0.06953125 0.0671875 0.034375
1 0.68828125 0.09921875 0.06875 0.0359375
1 0.728125 0.0734375 0.071875 0.034375
1 0.74375 0.10390625 0.0671875 0.028125
1 0.775 0.078125 0.0703125 0.0328125
1 0.8 0.1046875 0.0640625 0.0359375
1 0.1515625 0.0046875 0.0609375 0.009375
1 0.2046875 0.0046875 0.059375 0.009375
1 0.253125 0.00625 0.0625 0.0125
1 0.3 0.00859375 0.053125 0.0171875
1 0.3546875 0.00859375 0.0625 0.0171875
1 0.4 0.0109375 0.0578125 0.021875
1 0.45 0.0140625 0.059375 0.028125
1 0.50078125 0.0140625 0.059375 0.028125
1 0.55390625 0.0203125 0.059375 0.021875
1 0.58671875 0.0078125 0.059375 0.0109375
1 0.60234375 0.021875 0.0515625 0.028125
1 0.63359375 0.01015625 0.046875 0.0109375
1 0.64921875 0.02265625 0.0484375 0.0203125
1 0.6828125 0.0140625 0.053125 0.0125
1 0.69609375 0.028125 0.0546875 0.0203125
1 0.721875 0.01484375 0.059375 0.0109375
1 0.7421875 0.02890625 0.0578125 0.0234375