0 0.859375 0.88515625 0.125 0.196875
0 0.8078125 0.87578125 0.20625 0.24375
0 0.73671875 0.86171875 0.1984375 0.225
0 0.66875 0.85078125 0.2015625 0.2390625
1 0.59765625 0.82734375 0.196875 0.225
0 0.52578125 0.81875 0.2 0.2421875
1 0.45 0.80703125 0.1796875 0.2234375
1 0.38046875 0.8 0.19375 0.2421875
0 0.30234375 0.790625 0.19375 0.2453125
1 0.2328125 0.77578125 0.159375 0.215625
0 0.15390625 0.75625 0.196875 0.234375
0 0.07890625 0.7140625 0.1578125 0.259375
0 0.06640625 0.64375 0.1328125 0.24375
0 0.0578125 0.56171875 0.115625 0.2140625
1 0.05078125 0.48515625 0.1015625 0.1734375
0 0.05859375 0.4234375 0.1171875 0.15625
1 0.0546875 0.36015625 0.09375 0.134375
0 0.0578125 0.29296875 0.0703125 0.125
1 0.66796875 0.5578125 0.1359375 0.1515625
1 0.6203125 0.5109375 0.1453125 0.1796875
1 0.57890625 0.46796875 0.1265625 0.1703125
1 0.5359375 0.4328125 0.1328125 0.165625
1 0.4921875 0.38984375 0.121875 0.15625
1 0.44765625 0.34609375 0.125 0.1609375
1 0.4046875 0.315625 0.11875 0.1359375
1 0.45546875 0.53046875 0.1234375 0.159375
0 0.40078125 0.48515625 0.1390625 0.175
1 0.36328125 0.44140625 0.140625 0.1640625
0 0.30625 0.3984375 0.1390625 0.1546875
1 0.2796875 0.3578125 0.1453125 0.1609375
0 0.2375 0.32109375 0.1375 0.153125
0 0.37109375 0.26875 0.13125 0.15
0 0.33125 0.2328125 0.13125 0.140625
0 0.20234375 0.1171875 0.1421875 0.1453125
0 0.24296875 0.15234375 0.125 0.1453125
0 0.278125 0.19296875 0.1421875 0.1578125
0 0.33203125 0.01875 0.1109375 0.0375
0 0.36015625 0.03046875 0.1015625 0.0609375
0 0.38984375 0.05 0.1109375 0.1
0 0.4359375 0.0734375 0.1109375 0.1296875
0 0.47578125 0.109375 0.11875 0.109375
1 0.521875 0.1421875 0.11875 0.115625
0 0.55859375 0.17578125 0.1125 0.1140625
1 0.6 0.2140625 0.1203125 0.115625
0 0.63671875 0.24609375 0.1203125 0.1109375
0 0.678125 0.27890625 0.1109375 0.1171875
0 0.73125 0.31328125 0.1171875 0.1125
0 0.77265625 0.3546875 0.1234375 0.1171875
0 0.8203125 0.38828125 0.109375 0.1109375
0 0.86875 0.421875 0.0984375 0.103125
0 0.91484375 0.4703125 0.1109375 0.1125
0 0.953125 0.5109375 0.09375 0.11875
0 0.98203125 0.54140625 0.0359375 0.1171875