0 0.0109375 0.609375 0.021875 0.16875
0 0.05078125 0.628125 0.1015625 0.2
0 0.0875 0.65546875 0.15 0.18125
0 0.14453125 0.684375 0.1484375 0.1953125
1 0.2125 0.70390625 0.146875 0.1828125
0 0.271875 0.7359375 0.1453125 0.2
1 0.3359375 0.7671875 0.1296875 0.184375
1 0.39375 0.8 0.140625 0.2015625
0 0.4578125 0.834375 0.140625 0.2046875
1 0.51953125 0.86015625 0.1109375 0.18125
0 0.590625 0.8875 0.1453125 0.1921875
0 0.6859375 0.8984375 0.1390625 0.2015625
0 0.75859375 0.87109375 0.1765625 0.2
0 0.81015625 0.81328125 0.1671875 0.1796875
1 0.85 0.75078125 0.1375 0.1453125
0 0.88046875 0.6953125 0.1640625 0.134375
1 0.9171875 0.646875 0.140625 0.125
0 0.94453125 0.59140625 0.109375 0.121875
1 0.303125 0.46015625 0.1015625 0.121875
1 0.3640625 0.4484375 0.1046875 0.1484375
1 0.41953125 0.43828125 0.0890625 0.1421875
1 0.47109375 0.43515625 0.096875 0.1375
1 0.52734375 0.425 0.0875 0.1296875
1 0.58515625 0.41484375 0.090625 0.134375
1 0.634375 0.41484375 0.0890625 0.109375
1 0.48046875 0.553125 0.0875 0.134375
0 0.54609375 0.54765625 0.1 0.1453125
1 0.59921875 0.5328125 0.1046875 0.134375
0 0.66640625 0.53203125 0.1046875 0.125
1 0.7078125 0.51484375 0.109375 0.1296875
0 0.76015625 0.50859375 0.103125 0.125
0 0.68515625 0.396875 0.0984375 0.121875
0 0.73515625 0.390625 0.1 0.1140625
0 0.89609375 0.371875 0.109375 0.115625
0 0.84609375 0.3765625 0.09375 0.1171875
0 0.79765625 0.3890625 0.1078125 0.1265625
0 0.975 0.17578125 0.0484375 0.1
0 0.959375 0.175 0.0796875 0.1015625
0 0.91328125 0.18828125 0.084375 0.103125
0 0.871875 0.190625 0.0875 0.103125
0 0.8359375 0.1984375 0.0765625 0.09375
0 0.79375 0.21015625 0.0828125 0.1015625
0 0.740625 0.2125 0.08125 0.10625
0 0.690625 0.21875 0.09375 0.084375
1 0.6390625 0.21875 0.09375 0.090625
0 0.59140625 0.22578125 0.0875 0.0890625
1 0.53984375 0.23203125 0.09375 0.0875
0 0.49375 0.2375 0.0953125 0.084375
0 0.44453125 0.240625 0.0859375 0.09375
0 0.3859375 0.2375 0.0921875 0.0875
0 0.3328125 0.246875 0.0984375 0.0890625
0 0.27734375 0.2484375 0.0859375 0.0859375
0 0.22265625 0.24765625 0.075 0.0828125
0 0.16015625 0.26015625 0.0859375 0.0875
0 0.10078125 0.26484375 0.0875 0.09375
0 0.053125 0.2671875 0.0515625 0.1046875