0 0.8796875 0.81171875 0.1765625 0.30625
1 0.77109375 0.78046875 0.2140625 0.30625
0 0.65 0.7296875 0.2046875 0.3078125
0 0.53203125 0.68125 0.2109375 0.3296875
0 0.4046875 0.6390625 0.26875 0.3609375
0 0.29140625 0.60546875 0.253125 0.353125
0 0.16328125 0.55859375 0.2640625 0.3421875
0 0.09609375 0.5015625 0.1921875 0.33125
0 0.09140625 0.21640625 0.1203125 0.2328125
1 0.178125 0.2640625 0.1984375 0.2640625
0 0.28828125 0.2859375 0.1859375 0.25
0 0.396875 0.32109375 0.1734375 0.2546875
0 0.49375 0.35390625 0.190625 0.2765625
0 0.62109375 0.403125 0.2 0.259375
0 0.71328125 0.44921875 0.1796875 0.2671875
0 0.81875 0.50625 0.190625 0.2703125
1 0.91015625 0.52734375 0.1796875 0.2796875
0 0.9203125 0.27890625 0.159375 0.1390625
0 0.7609375 0.2015625 0.2 0.1375
0 0.571875 0.13828125 0.2171875 0.1484375
0 0.38515625 0.071875 0.2203125 0.14375
0 0.20625 0.0421875 0.2 0.084375