0 0.05703125 0.734375 0.1140625 0.284375
1 0.13984375 0.79765625 0.1453125 0.2890625
0 0.2390625 0.84140625 0.2109375 0.2796875
1 0.33515625 0.88671875 0.16875 0.221875
0 0.44296875 0.90703125 0.1703125 0.1859375
0 0.5453125 0.92890625 0.153125 0.1421875
0 0.65859375 0.9609375 0.1671875 0.078125
0 0.959375 0.853125 0.065625 0.2703125
0 0.88828125 0.81640625 0.14375 0.275
0 0.77734375 0.75078125 0.134375 0.2984375
0 0.68359375 0.715625 0.1453125 0.2890625
0 0.590625 0.6703125 0.153125 0.284375
0 0.49375 0.61875 0.1421875 0.278125
0 0.40546875 0.56328125 0.1578125 0.3015625
0 0.31328125 0.52109375 0.15625 0.253125
0 0.22734375 0.484375 0.1421875 0.2953125
0 0.1390625 0.42109375 0.1421875 0.253125
0 0.059375 0.4 0.11875 0.284375
0 0.95 0.4609375 0.1 0.25
0 0.875 0.4234375 0.1484375 0.225
0 0.78125 0.38984375 0.11875 0.19375
0 0.69140625 0.35078125 0.13125 0.1953125
1 0.5953125 0.31484375 0.13125 0.1953125
0 0.52109375 0.26796875 0.134375 0.2015625
1 0.4359375 0.24375 0.13125 0.1953125
1 0.35390625 0.20625 0.134375 0.1921875
0 0.2796875 0.16640625 0.1234375 0.215625
1 0.196875 0.14140625 0.1109375 0.175
0 0.1296875 0.09140625 0.1375 0.1828125
0 0.06875 0.075 0.09375 0.15
1 0.98984375 0.20625 0.0203125 0.153125
1 0.93671875 0.1875 0.1125 0.159375
1 0.8515625 0.159375 0.1125 0.140625
1 0.775 0.1234375 0.1265625 0.1453125
0 0.69140625 0.09296875 0.1078125 0.15625
1 0.61953125 0.06484375 0.1109375 0.125
1 0.53359375 0.04921875 0.1078125 0.0984375
1 0.459375 0.03984375 0.103125 0.0796875
1 0.384375 0.021875 0.109375 0.04375
1 0.3078125 0.00703125 0.1125 0.0140625