0 0.003125 0.26640625 0.00625 0.2703125
0 0.0703125 0.24296875 0.140625 0.2859375
0 0.1921875 0.2390625 0.1859375 0.2828125
0 0.34375 0.228125 0.196875 0.29375
0 0.49609375 0.21171875 0.1859375 0.30625
0 0.6421875 0.2171875 0.1875 0.2875
0 0.7890625 0.209375 0.1828125 0.30625
0 0.9140625 0.184375 0.1296875 0.290625
0 0.95078125 0.759375 0.0984375 0.365625
0 0.86328125 0.76484375 0.24375 0.325
0 0.675 0.77109375 0.228125 0.3328125
0 0.53359375 0.796875 0.2265625 0.35
0 0.3640625 0.790625 0.228125 0.3296875
0 0.209375 0.82578125 0.2359375 0.33125
0 0.08359375 0.80390625 0.153125 0.3375