0 0.95703125 0.6765625 0.078125 0.2109375
0 0.92421875 0.7046875 0.1375 0.196875
0 0.88125 0.73359375 0.1703125 0.2140625
1 0.81171875 0.75078125 0.1671875 0.2015625
0 0.75 0.78125 0.16875 0.2171875
1 0.68359375 0.8109375 0.1515625 0.2
1 0.62265625 0.8421875 0.1640625 0.2171875
0 0.55546875 0.87421875 0.1625 0.2203125
1 0.4921875 0.89921875 0.13125 0.19375
0 0.41875 0.909375 0.165625 0.18125
0 0.3234375 0.90859375 0.159375 0.1703125
0 0.24765625 0.88984375 0.1984375 0.2
0 0.196875 0.84140625 0.1875 0.1984375
1 0.15859375 0.7765625 0.1546875 0.1609375
0 0.12890625 0.71796875 0.178125 0.1515625
1 0.0875 0.66796875 0.1640625 0.1421875
0 0.0640625 0.61015625 0.128125 0.1359375
1 0.72734375 0.4984375 0.1140625 0.1328125
1 0.665625 0.48515625 0.121875 0.1609375
1 0.60859375 0.471875 0.1046875 0.153125
1 0.55625 0.4671875 0.1125 0.1484375
1 0.49921875 0.4546875 0.1015625 0.1390625
1 0.440625 0.44296875 0.1046875 0.1453125
1 0.38984375 0.440625 0.1 0.1203125
1 0.5421875 0.58671875 0.103125 0.14375
0 0.47578125 0.57890625 0.115625 0.15625
1 0.42265625 0.5625 0.11875 0.146875
0 0.35390625 0.55859375 0.1203125 0.1359375
1 0.31328125 0.53984375 0.1234375 0.1421875
0 0.2578125 0.53203125 0.1171875 0.1359375
0 0.33984375 0.41953125 0.1109375 0.1328125
0 0.2890625 0.41171875 0.1125 0.1234375
0 0.125 0.38671875 0.1234375 0.1265625
0 0.175 0.39453125 0.10625 0.128125
0 0.225 0.4078125 0.121875 0.1390625
0 0.05 0.184375 0.0640625 0.10625
0 0.06796875 0.18359375 0.0921875 0.1109375
0 0.11328125 0.2 0.0953125 0.1140625
0 0.15703125 0.2015625 0.1 0.1125
0 0.1921875 0.2125 0.0859375 0.103125
0 0.23515625 0.225 0.09375 0.1109375
0 0.2890625 0.23046875 0.09375 0.1140625
0 0.33984375 0.2375 0.103125 0.0953125
1 0.39375 0.23984375 0.1046875 0.1015625
0 0.44140625 0.24921875 0.096875 0.0984375
1 0.49453125 0.25703125 0.1046875 0.0984375
0 0.53984375 0.2640625 0.1046875 0.0953125
0 0.590625 0.26796875 0.0953125 0.103125
0 0.65078125 0.26796875 0.1015625 0.0984375
0 0.7046875 0.2796875 0.1078125 0.1
0 0.7609375 0.2828125 0.0953125 0.0953125
0 0.8171875 0.284375 0.084375 0.090625
0 0.88046875 0.29921875 0.0953125 0.0984375
0 0.94140625 0.30625 0.0984375 0.103125
0 0.97890625 0.30703125 0.0421875 0.1140625