0 0.94296875 0.72734375 0.1 0.28125
1 0.8515625 0.728125 0.1703125 0.278125
0 0.728125 0.7125 0.1609375 0.2796875
0 0.609375 0.7 0.1625 0.303125
0 0.48203125 0.6953125 0.2171875 0.325
0 0.37109375 0.69375 0.203125 0.31875
0 0.24375 0.684375 0.215625 0.3078125
0 0.134375 0.6578125 0.2140625 0.3
0 0.06484375 0.39453125 0.1296875 0.2234375
1 0.1796875 0.4140625 0.1609375 0.2375
0 0.28515625 0.4046875 0.1515625 0.225
0 0.3921875 0.40859375 0.1359375 0.23125
0 0.48984375 0.4125 0.1515625 0.25
0 0.61796875 0.42421875 0.1609375 0.2328125
0 0.71328125 0.44296875 0.140625 0.2421875
0 0.8234375 0.46640625 0.1515625 0.2453125
1 0.92109375 0.45859375 0.1578125 0.2515625
0 0.878125 0.228125 0.1875 0.1109375
0 0.69296875 0.2046875 0.18125 0.109375
0 0.5046875 0.19609375 0.1984375 0.1171875
0 0.31875 0.18359375 0.2 0.115625
0 0.128125 0.17734375 0.2015625 0.11875