0 0.89453125 0.85078125 0.1765625 0.2984375
1 0.7859375 0.85859375 0.215625 0.2828125
0 0.66640625 0.8578125 0.2828125 0.284375
1 0.5453125 0.87890625 0.23125 0.2421875
0 0.42109375 0.87421875 0.2328125 0.2515625
0 0.30390625 0.87265625 0.203125 0.2375
0 0.17109375 0.86328125 0.2078125 0.1859375
0 0.0609375 0.5875 0.121875 0.321875
0 0.15625 0.565625 0.20625 0.3484375
0 0.26640625 0.56953125 0.2171875 0.3421875
0 0.38046875 0.56484375 0.225 0.340625
0 0.503125 0.55390625 0.2109375 0.3296875
0 0.61640625 0.53515625 0.2328125 0.35625
0 0.7296875 0.53203125 0.221875 0.3046875
0 0.83203125 0.53125 0.215625 0.3484375
0 0.92265625 0.50234375 0.1546875 0.2984375
0 0.9734375 0.51171875 0.053125 0.3140625
0 0.1 0.1890625 0.1734375 0.3
0 0.19921875 0.18984375 0.209375 0.275
0 0.3078125 0.1953125 0.16875 0.234375
0 0.4171875 0.1953125 0.1828125 0.2375
1 0.53046875 0.19921875 0.1828125 0.2375
0 0.6265625 0.184375 0.1890625 0.2453125
1 0.7234375 0.196875 0.1828125 0.2375
1 0.82421875 0.19453125 0.1859375 0.2359375
0 0.91328125 0.18515625 0.1734375 0.2578125
1 0.96640625 0.19296875 0.0671875 0.2078125
1 0.23046875 0.0109375 0.1453125 0.021875
1 0.3296875 0.009375 0.140625 0.01875
1 0.42109375 0.009375 0.1515625 0.01875
0 0.5171875 0.01484375 0.128125 0.0296875