1 0.0625 0.4078125 0.125 0.25625
1 0.18515625 0.42890625 0.153125 0.2640625
0 0.1078125 0.72578125 0.2078125 0.36875
0 0.2671875 0.71328125 0.2234375 0.3546875
0 0.40546875 0.67734375 0.2125 0.3578125
0 0.30625 0.40546875 0.1484375 0.2390625
0 0.4171875 0.3796875 0.1421875 0.2296875
1 0.53671875 0.65625 0.190625 0.3359375
0 0.64765625 0.63671875 0.1765625 0.3203125
1 0.73984375 0.609375 0.18125 0.321875
1 0.82734375 0.58828125 0.2 0.3234375
0 0.9171875 0.55 0.165625 0.315625
1 0.5203125 0.39140625 0.1453125 0.246875
0 0.6 0.36796875 0.1390625 0.209375
0 0.69609375 0.3515625 0.128125 0.2328125
0 0.77578125 0.33984375 0.1140625 0.178125
1 0.83515625 0.33359375 0.128125 0.1859375
0 0.90625 0.32578125 0.15 0.1875
0 0.98203125 0.5390625 0.0359375 0.271875
0 0.0140625 0.11171875 0.028125 0.1265625
0 0.08125 0.1078125 0.128125 0.14375
0 0.18359375 0.10390625 0.1234375 0.1546875
0 0.2765625 0.10078125 0.1109375 0.16875
1 0.35625 0.10234375 0.10625 0.1359375
0 0.4375 0.10234375 0.115625 0.1515625
0 0.5140625 0.1 0.1046875 0.1515625
1 0.58359375 0.11484375 0.1046875 0.165625
0 0.63515625 0.10703125 0.115625 0.1546875
1 0.6953125 0.103125 0.0859375 0.1515625
0 0.75859375 0.10546875 0.096875 0.1515625
1 0.81796875 0.1203125 0.109375 0.153125
1 0.87109375 0.1296875 0.109375 0.153125
0 0.96796875 0.33203125 0.0546875 0.203125