0 0.9265625 0.9109375 0.046875 0.178125
0 0.84140625 0.8859375 0.2234375 0.228125
0 0.6453125 0.88046875 0.303125 0.2390625
0 0.4453125 0.8671875 0.328125 0.265625
0 0.2125 0.86484375 0.30625 0.2265625
0 0.0828125 0.8515625 0.165625 0.184375
0 0.96875 0.175 0.0625 0.2
0 0.87734375 0.165625 0.2453125 0.246875
0 0.76484375 0.1578125 0.284375 0.2734375
0 0.6171875 0.15546875 0.31875 0.3109375
0 0.41953125 0.15625 0.3234375 0.3125
0 0.25703125 0.16328125 0.3515625 0.3265625
0 0.1625 0.15625 0.2625 0.3125
0 0.06484375 0.1390625 0.0671875 0.278125