1 0.90703125 0.3796875 0.153125 0.2265625
1 0.771875 0.415625 0.125 0.234375
0 0.89375 0.67265625 0.1953125 0.325
0 0.73359375 0.68125 0.1828125 0.3125
0 0.6046875 0.6671875 0.171875 0.315625
0 0.659375 0.4109375 0.121875 0.209375
0 0.55625 0.40078125 0.1171875 0.203125
1 0.484375 0.66484375 0.1546875 0.296875
0 0.38125 0.66171875 0.140625 0.2828125
1 0.2953125 0.64765625 0.146875 0.2859375
1 0.2140625 0.640625 0.1625 0.284375
0 0.1125 0.61953125 0.1640625 0.278125
1 0.465625 0.4234375 0.11875 0.21875
0 0.390625 0.41328125 0.115625 0.184375
0 0.3015625 0.4109375 0.103125 0.20625
0 0.22890625 0.41015625 0.09375 0.1578125
1 0.17421875 0.4125 0.10625 0.1625
0 0.11015625 0.41484375 0.1265625 0.1625
0 0.0390625 0.61875 0.0765625 0.2484375
0 0.93125 0.0890625 0.1140625 0.1484375
0 0.825 0.0984375 0.109375 0.1546875
0 0.7328125 0.11328125 0.1046875 0.15625
0 0.6484375 0.128125 0.0921875 0.15625
1 0.5765625 0.14453125 0.090625 0.11875
0 0.503125 0.153125 0.0984375 0.1328125
0 0.434375 0.16171875 0.0859375 0.1328125
1 0.3734375 0.184375 0.0859375 0.1453125
0 0.325 0.1828125 0.0984375 0.134375
1 0.2703125 0.1875 0.0703125 0.134375
0 0.21484375 0.196875 0.078125 0.134375
1 0.1625 0.21796875 0.090625 0.134375
1 0.11640625 0.2328125 0.090625 0.134375
0 0.0375 0.42890625 0.075 0.1875