0 0.453125 0.78203125 0.2625 0.265625
1 0.38984375 0.83046875 0.221875 0.259375
0 0.3046875 0.884375 0.21875 0.23125
0 0.19921875 0.921875 0.2078125 0.15625
0 0.1390625 0.971875 0.128125 0.05625
0 0.23671875 0.59453125 0.2296875 0.1984375
1 0.16953125 0.67734375 0.2234375 0.21875
0 0.09609375 0.70859375 0.1734375 0.2375
0 0.66484375 0.6234375 0.271875 0.26875
0 0.79375 0.55 0.2578125 0.2796875
0 0.89453125 0.48046875 0.2109375 0.2609375
0 0.9484375 0.40546875 0.103125 0.2359375
0 0.43125 0.4859375 0.2375 0.2125
0 0.534375 0.4140625 0.228125 0.2234375
0 0.63671875 0.36328125 0.2078125 0.2421875
0 0.7109375 0.30703125 0.215625 0.2359375
0 0.790625 0.23828125 0.2046875 0.2046875
0 0.8609375 0.171875 0.2171875 0.271875
0 0.90546875 0.1015625 0.0921875 0.203125
0 0.13984375 0.15390625 0.203125 0.215625
0 0.23515625 0.096875 0.1953125 0.1453125
0 0.33359375 0.07265625 0.1859375 0.13125
0 0.04609375 0.76328125 0.059375 0.2171875
1 0.07265625 0.18671875 0.1453125 0.2328125