0 0.06875 0.7453125 0.1375 0.3328125
0 0.13984375 0.76484375 0.2796875 0.359375
0 0.346875 0.8078125 0.2609375 0.3625
0 0.51484375 0.8234375 0.2859375 0.3515625
0 0.70625 0.853125 0.2734375 0.290625
0 0.84140625 0.871875 0.2140625 0.2546875
0 0.17109375 0.0734375 0.190625 0.146875
0 0.290625 0.0859375 0.25625 0.171875
0 0.415625 0.10234375 0.2171875 0.2046875
0 0.53828125 0.1234375 0.2390625 0.246875
0 0.70078125 0.1546875 0.240625 0.2734375
0 0.83515625 0.190625 0.2578125 0.2875
0 0.909375 0.21171875 0.1796875 0.278125