1 0.78359375 0.740625 0.25 0.3859375
0 0.69921875 0.78203125 0.24375 0.3765625
0 0.603125 0.81015625 0.253125 0.3796875
0 0.50234375 0.83671875 0.2203125 0.3265625
1 0.40546875 0.85703125 0.2453125 0.2859375
0 0.315625 0.884375 0.246875 0.23125
1 0.2375 0.89921875 0.278125 0.2015625
1 0.18203125 0.91328125 0.2015625 0.1734375
0 0.60546875 0.246875 0.196875 0.2828125
0 0.5328125 0.27421875 0.184375 0.2890625
1 0.465625 0.30625 0.165625 0.246875
0 0.38984375 0.32578125 0.171875 0.2484375
0 0.31953125 0.35859375 0.1828125 0.2453125
0 0.2453125 0.40078125 0.2015625 0.2671875
0 0.1671875 0.4296875 0.2203125 0.3
1 0.1 0.4578125 0.2 0.26875
1 0.0671875 0.47734375 0.134375 0.2859375