1 0.26484375 0.846875 0.075 0.1296875
1 0.20390625 0.840625 0.0765625 0.128125
0 0.1453125 0.83984375 0.06875 0.115625
1 0.0875 0.83359375 0.0703125 0.1125
0 0.27421875 0.7359375 0.065625 0.1015625
1 0.2203125 0.73671875 0.0609375 0.1046875
1 0.16171875 0.73125 0.065625 0.10625
1 0.109375 0.72890625 0.0671875 0.1125
0 0.05078125 0.7203125 0.065625 0.10625
0 0.384375 0.75546875 0.065625 0.1078125
1 0.37578125 0.859375 0.0703125 0.1125
1 0.43203125 0.86796875 0.071875 0.115625
1 0.4421875 0.7578125 0.0640625 0.1078125
1 0.49375 0.76875 0.0703125 0.1171875
0 0.49296875 0.87578125 0.0703125 0.1125
1 0.54453125 0.8796875 0.071875 0.1265625
1 0.553125 0.7640625 0.059375 0.1078125
1 0.6046875 0.7765625 0.0609375 0.109375
1 0.65234375 0.78984375 0.0609375 0.1
1 0.7046875 0.78984375 0.0625 0.0984375
1 0.63203125 0.86796875 0.1171875 0.0640625
0 0.740625 0.87734375 0.11875 0.0671875
0 0.7609375 0.8015625 0.059375 0.1015625
1 0.81171875 0.80546875 0.0671875 0.109375
0 0.865625 0.8140625 0.0625 0.1109375
1 0.8484375 0.89921875 0.1140625 0.075
1 0.91328125 0.821875 0.071875 0.1109375
1 0.3015625 0.4609375 0.0546875 0.0859375
1 0.253125 0.4546875 0.0578125 0.0859375
1 0.20234375 0.4484375 0.0578125 0.0859375
1 0.15234375 0.44921875 0.059375 0.0875
0 0.290625 0.5453125 0.0625 0.0859375
0 0.24453125 0.5375 0.0640625 0.1015625
0 0.190625 0.53359375 0.0640625 0.0984375
0 0.103125 0.44140625 0.059375 0.0796875
0 0.05625 0.43203125 0.0546875 0.0828125
1 0.1390625 0.53359375 0.0609375 0.0953125
1 0.08828125 0.525 0.06875 0.0921875
1 0.0375 0.51875 0.0625 0.090625
1 0.4046875 0.559375 0.0578125 0.1
1 0.4125 0.471875 0.0625 0.0859375
1 0.45390625 0.5625 0.0609375 0.0953125
1 0.4609375 0.475 0.0609375 0.0828125
1 0.50859375 0.4875 0.0546875 0.0828125
1 0.5046875 0.56875 0.0640625 0.0859375
1 0.55 0.571875 0.059375 0.090625
0 0.55546875 0.48828125 0.0578125 0.0828125
0 0.6 0.58515625 0.059375 0.09375
1 0.60390625 0.49375 0.059375 0.0828125
1 0.6515625 0.50546875 0.0546875 0.078125
1 0.64453125 0.5890625 0.0609375 0.09375
0 0.7 0.590625 0.071875 0.0953125
0 0.69609375 0.50703125 0.0546875 0.0796875
0 0.746875 0.51328125 0.0546875 0.09375
0 0.79375 0.5203125 0.053125 0.0859375
1 0.7421875 0.596875 0.059375 0.0875
1 0.79375 0.609375 0.071875 0.0953125
1 0.8421875 0.61875 0.0671875 0.0890625
1 0.83515625 0.5328125 0.065625 0.084375
1 0.8828125 0.53984375 0.059375 0.0859375
1 0.8921875 0.62421875 0.0671875 0.090625
1 0.9375 0.63046875 0.075 0.0890625
1 0.93125 0.540625 0.0671875 0.0859375
1 0.96953125 0.63203125 0.04375 0.090625
0 0.96953125 0.54921875 0.059375 0.0890625
1 0.31328125 0.30390625 0.046875 0.0703125
1 0.32265625 0.23671875 0.046875 0.0703125
1 0.2796875 0.2375 0.0515625 0.0734375
0 0.26875 0.30234375 0.046875 0.071875
1 0.228125 0.2984375 0.05625 0.0703125
1 0.2359375 0.23359375 0.05625 0.0703125
1 0.18359375 0.2953125 0.0515625 0.078125
0 0.19375 0.228125 0.05 0.0703125
1 0.14765625 0.2203125 0.0484375 0.0703125
1 0.13984375 0.2875 0.0578125 0.0765625
1 0.10625 0.215625 0.0515625 0.078125
0 0.090625 0.284375 0.0609375 0.0796875
1 0.059375 0.2140625 0.046875 0.0703125
0 0.04921875 0.275 0.05 0.0734375
1 0.41953125 0.32265625 0.0515625 0.078125
1 0.42421875 0.2546875 0.05625 0.075
1 0.465625 0.3328125 0.05625 0.0796875
1 0.471875 0.25703125 0.0515625 0.0703125
1 0.50859375 0.33515625 0.0546875 0.0859375
0 0.51796875 0.259375 0.0515625 0.078125
1 0.553125 0.3421875 0.059375 0.0828125
1 0.559375 0.265625 0.05625 0.075
1 0.59765625 0.34453125 0.059375 0.0828125
0 0.6 0.27265625 0.05625 0.078125
1 0.64140625 0.28046875 0.05625 0.0796875
1 0.64375 0.35 0.05625 0.0796875
0 0.68828125 0.35625 0.0609375 0.0828125
0 0.6859375 0.28359375 0.05 0.075
0 0.72578125 0.35859375 0.059375 0.08125
1 0.7296875 0.28671875 0.0546875 0.078125
1 0.775 0.371875 0.0703125 0.0796875
1 0.7671875 0.3 0.0671875 0.0796875
1 0.809375 0.30625 0.0640625 0.078125
1 0.815625 0.378125 0.0671875 0.0828125
1 0.8578125 0.38203125 0.0671875 0.09375
0 0.8515625 0.30703125 0.0625 0.090625
1 0.89375 0.3203125 0.0671875 0.084375
1 0.90390625 0.39375 0.0703125 0.0828125
1 0.9421875 0.3984375 0.0671875 0.0703125
1 0.93671875 0.32265625 0.0796875 0.090625
1 0.9796875 0.4 0.0390625 0.078125
1 0.975 0.32890625 0.0484375 0.090625
0 0.98125 0.20625 0.0359375 0.0828125
1 0.95078125 0.203125 0.0359375 0.075
1 0.9109375 0.19921875 0.0421875 0.078125
1 0.928125 0.1453125 0.0875 0.0515625
1 0.8671875 0.12265625 0.0609375 0.0703125
1 0.8734375 0.190625 0.0515625 0.0796875
1 0.83203125 0.1828125 0.0515625 0.078125
1 0.83125 0.11875 0.0625 0.0859375
1 0.7921875 0.178125 0.0546875 0.0703125
1 0.75078125 0.17421875 0.04375 0.0796875
1 0.715625 0.1671875 0.0484375 0.075
1 0.675 0.1609375 0.046875 0.071875
1 0.63515625 0.153125 0.059375 0.0765625
1 0.5921875 0.146875 0.059375 0.075
1 0.55390625 0.146875 0.059375 0.0796875
1 0.515625 0.140625 0.04375 0.075
1 0.4734375 0.13671875 0.0484375 0.078125
0 0.4359375 0.12421875 0.05 0.0765625
1 0.39453125 0.1171875 0.0515625 0.071875
1 0.3546875 0.1140625 0.046875 0.071875
0 0.79140625 0.1140625 0.0515625 0.0578125
0 0.75078125 0.1046875 0.0546875 0.0625
1 0.7125 0.0984375 0.0515625 0.0640625
0 0.67421875 0.09765625 0.0515625 0.0640625
1 0.634375 0.09609375 0.0515625 0.0609375
1 0.596875 0.0859375 0.053125 0.0546875
1 0.5609375 0.08046875 0.0546875 0.065625
1 0.5171875 0.075 0.0515625 0.0609375
1 0.478125 0.075 0.0484375 0.05625
1 0.440625 0.065625 0.046875 0.0609375
1 0.3984375 0.06328125 0.046875 0.0609375
1 0.0796875 0.0921875 0.0734375 0.075
0 0.1109375 0.075 0.0703125 0.0828125
0 0.146875 0.05546875 0.078125 0.0671875
0 0.16953125 0.03828125 0.0890625 0.0765625
1 0.21875 0.03046875 0.0859375 0.0609375
1 0.24453125 0.025 0.0859375 0.05
1 0.27421875 0.0171875 0.0796875 0.034375
0 0.3078125 0.0109375 0.0734375 0.021875