0 0.296875 0.7390625 0.19375 0.325
0 0.2421875 0.45859375 0.175 0.275
0 0.39609375 0.721875 0.1765625 0.340625
0 0.328125 0.4421875 0.1765625 0.2828125
0 0.4109375 0.42265625 0.165625 0.2796875
0 0.490625 0.69921875 0.159375 0.309375
0 0.07421875 0.79609375 0.1078125 0.3046875
0 0.04296875 0.50078125 0.0859375 0.2734375
0 0.50078125 0.4015625 0.15 0.2546875
0 0.57421875 0.67578125 0.165625 0.3328125
0 0.66953125 0.66484375 0.1828125 0.3421875
0 0.5828125 0.3859375 0.159375 0.29375
0 0.66796875 0.359375 0.1609375 0.2859375
0 0.76640625 0.64296875 0.184375 0.3453125
0 0.8578125 0.621875 0.175 0.3359375
0 0.75390625 0.33984375 0.1546875 0.2921875
0 0.85234375 0.31953125 0.1671875 0.3078125
0 0.934375 0.6046875 0.13125 0.325