0 0.2328125 0.6125 0.15 0.2921875
0 0.2984375 0.35 0.1375 0.246875
0 0.325 0.6375 0.13125 0.309375
0 0.3796875 0.36875 0.1390625 0.2546875
0 0.45859375 0.3859375 0.128125 0.2515625
0 0.415625 0.65546875 0.1171875 0.28125
0 0.0265625 0.5703125 0.053125 0.2875
0 0.07265625 0.29296875 0.128125 0.2578125
0 0.54375 0.40390625 0.1171875 0.2296875
0 0.496875 0.66875 0.121875 0.3046875
0 0.584375 0.6984375 0.1375 0.309375
0 0.62109375 0.4234375 0.1203125 0.265625
0 0.7046875 0.434375 0.1234375 0.2578125
0 0.6765625 0.71796875 0.1375 0.3125
0 0.7640625 0.7375 0.1296875 0.3046875
0 0.7875 0.45234375 0.1171875 0.265625
0 0.88046875 0.475 0.1265625 0.28125
0 0.85859375 0.7640625 0.1375 0.296875
0 0.928125 0.0796875 0.1421875 0.0578125