1 0.18828125 0.8265625 0.2234375 0.1125
0 0.21328125 0.709375 0.20625 0.1203125
0 0.27265625 0.63046875 0.2046875 0.134375
0 0.30390625 0.55390625 0.1921875 0.08125
0 0.33203125 0.50546875 0.1671875 0.0921875
0 0.35859375 0.46015625 0.1671875 0.0953125
0 0.36953125 0.41484375 0.1828125 0.08125
1 0.39140625 0.38359375 0.1578125 0.0578125
0 0.8078125 0.73515625 0.240625 0.121875
0 0.78828125 0.64140625 0.2140625 0.084375
0 0.7765625 0.56328125 0.2078125 0.0875
1 0.74453125 0.49296875 0.165625 0.05625
0 0.75234375 0.4421875 0.134375 0.0546875
0 0.73671875 0.40625 0.14375 0.0546875
0 0.7328125 0.36171875 0.1484375 0.0734375
0 0.71796875 0.32734375 0.134375 0.059375
0 0.409375 0.35625 0.1359375 0.0421875
0 0.428125 0.321875 0.1265625 0.04375
0 0.45 0.28359375 0.103125 0.0390625
0 0.465625 0.2625 0.115625 0.0390625
1 0.478125 0.22890625 0.096875 0.0390625
0 0.4921875 0.203125 0.090625 0.0375
0 0.68671875 0.1625 0.0875 0.028125
0 0.6875 0.18125 0.08125 0.0390625
0 0.69765625 0.20078125 0.0953125 0.0390625
0 0.6984375 0.21640625 0.1125 0.046875
0 0.7015625 0.2328125 0.1125 0.053125
0 0.70390625 0.25078125 0.1140625 0.0625
0 0.709375 0.259375 0.1265625 0.059375