0 0.115625 0.615625 0.23125 0.5125
0 0.1765625 0.59765625 0.303125 0.4421875
0 0.3109375 0.56875 0.35 0.5203125
0 0.44296875 0.5484375 0.3359375 0.4953125
0 0.55546875 0.53984375 0.315625 0.4890625
0 0.67109375 0.51796875 0.3078125 0.459375
0 0.81328125 0.5171875 0.3578125 0.5125
0 0.8828125 0.50703125 0.234375 0.5390625
0 0.95703125 0.48046875 0.0859375 0.4328125
0 0.0625 0.234375 0.125 0.309375
0 0.1359375 0.2 0.271875 0.303125
1 0.23828125 0.21484375 0.2921875 0.3734375
0 0.3484375 0.18984375 0.259375 0.3625
0 0.475 0.1765625 0.25625 0.353125
0 0.59765625 0.1859375 0.2734375 0.371875
0 0.71328125 0.1484375 0.2296875 0.296875
0 0.821875 0.1625 0.25625 0.325
0 0.8890625 0.1375 0.140625 0.275