0 0.9640625 0.696875 0.071875 0.10625
0 0.92265625 0.61484375 0.1546875 0.1296875
0 0.846875 0.55625 0.1734375 0.14375
0 0.77265625 0.5046875 0.1359375 0.1421875
0 0.69609375 0.478125 0.1484375 0.1703125
0 0.60859375 0.4625 0.140625 0.178125
0 0.51875 0.4625 0.1140625 0.1765625
0 0.425 0.4796875 0.1171875 0.1984375
0 0.3421875 0.5046875 0.1078125 0.2234375
0 0.25625 0.5390625 0.1265625 0.259375
0 0.19296875 0.6046875 0.10625 0.21875
0 0.12890625 0.66875 0.1328125 0.2296875
0 0.08203125 0.74609375 0.1359375 0.225