0 0.17265625 0.0328125 0.1109375 0.065625
0 0.14921875 0.07265625 0.1296875 0.1453125
0 0.13125 0.1484375 0.13125 0.19375
1 0.10859375 0.2609375 0.1296875 0.196875
1 0.08671875 0.3640625 0.146875 0.234375
0 0.06796875 0.4703125 0.1359375 0.228125
0 0.06015625 0.5890625 0.1203125 0.234375
0 0.0390625 0.7171875 0.078125 0.2125
0 0.0234375 0.82109375 0.046875 0.1765625
0 0.34375 0.040625 0.109375 0.08125
1 0.43984375 0.0453125 0.1015625 0.090625
1 0.43671875 0.0921875 0.1046875 0.1453125
0 0.340625 0.1 0.1046875 0.1203125
0 0.43515625 0.16796875 0.1 0.15625
0 0.32421875 0.1953125 0.109375 0.1515625
0 0.4265625 0.275 0.1 0.15625
0 0.41640625 0.36484375 0.096875 0.153125
1 0.3046875 0.29609375 0.14375 0.1640625
0 0.29921875 0.375 0.1234375 0.1453125
1 0.4 0.465625 0.1140625 0.15
0 0.27734375 0.49765625 0.1296875 0.1765625
0 0.38046875 0.56953125 0.140625 0.1796875
0 0.26640625 0.60234375 0.121875 0.1765625
0 0.3703125 0.7046875 0.15 0.209375
0 0.24140625 0.73984375 0.1390625 0.2140625
0 0.35390625 0.8375 0.1390625 0.1984375
0 0.2203125 0.87421875 0.140625 0.1640625
0 0.60234375 0.0671875 0.0953125 0.1234375
0 0.69296875 0.07421875 0.0953125 0.10625
1 0.59765625 0.15546875 0.1046875 0.1390625
1 0.68828125 0.1296875 0.10625 0.1296875
1 0.6921875 0.21328125 0.1109375 0.1515625
1 0.59765625 0.23046875 0.1 0.14375
1 0.690625 0.2921875 0.11875 0.1375
0 0.59765625 0.315625 0.1015625 0.146875
0 0.690625 0.37109375 0.1109375 0.1296875
0 0.5859375 0.42109375 0.1 0.15625
0 0.6859375 0.48359375 0.125 0.1953125
1 0.58359375 0.525 0.1140625 0.2
1 0.69140625 0.5921875 0.14375 0.196875
1 0.58671875 0.634375 0.14375 0.2265625
1 0.6890625 0.70390625 0.15625 0.228125
1 0.57265625 0.76171875 0.140625 0.2421875
1 0.575 0.87265625 0.146875 0.24375
0 0.68359375 0.81796875 0.14375 0.196875
0 0.68828125 0.92578125 0.1453125 0.1484375
0 0.83359375 0.10234375 0.08125 0.1109375
0 0.8453125 0.1734375 0.0828125 0.115625
1 0.91796875 0.10546875 0.096875 0.090625
1 0.9203125 0.15234375 0.1078125 0.1359375
0 0.92265625 0.20546875 0.1015625 0.109375
0 0.93046875 0.3015625 0.1 0.1375
1 0.84921875 0.2515625 0.10625 0.16875
1 0.84921875 0.33125 0.1015625 0.159375
1 0.93984375 0.38125 0.109375 0.1421875
1 0.85859375 0.4125 0.090625 0.1546875
1 0.86328125 0.5390625 0.1015625 0.2
0 0.94765625 0.47890625 0.1046875 0.1703125
0 0.8703125 0.63515625 0.1046875 0.2015625
0 0.946875 0.565625 0.10625 0.178125
1 0.87109375 0.75234375 0.1109375 0.2125
1 0.94453125 0.66640625 0.090625 0.1484375
0 0.89296875 0.865625 0.1125 0.215625
0 0.884375 0.9421875 0.10625 0.115625
0 0.93984375 0.778125 0.0625 0.15