0 0.6921875 0.9484375 0.0625 0.0984375
0 0.64921875 0.93515625 0.0703125 0.125
0 0.6015625 0.90546875 0.0625 0.1375
0 0.55234375 0.89375 0.0671875 0.134375
0 0.5 0.86640625 0.059375 0.128125
0 0.4640625 0.84453125 0.0734375 0.13125
0 0.40546875 0.8375 0.065625 0.13125
0 0.36640625 0.81328125 0.0703125 0.125
0 0.3296875 0.79140625 0.0734375 0.109375
0 0.28203125 0.7765625 0.0734375 0.109375
0 0.240625 0.75625 0.0734375 0.1015625
0 0.2 0.74140625 0.08125 0.128125
0 0.16953125 0.715625 0.071875 0.109375
0 0.12734375 0.696875 0.0796875 0.125
0 0.090625 0.68203125 0.0703125 0.128125
0 0.05 0.66875 0.065625 0.128125
0 0.02578125 0.6421875 0.0515625 0.109375
0 0.9765625 0.86953125 0.04375 0.11875
0 0.934375 0.8546875 0.0671875 0.1171875
0 0.884375 0.82578125 0.065625 0.1015625
0 0.83671875 0.81328125 0.0625 0.1015625
0 0.7921875 0.79453125 0.0734375 0.10625
0 0.7515625 0.778125 0.0734375 0.11875
0 0.703125 0.75625 0.078125 0.103125
0 0.65859375 0.73359375 0.0625 0.103125
0 0.61328125 0.715625 0.071875 0.1015625
0 0.565625 0.696875 0.0625 0.10625
0 0.528125 0.6890625 0.059375 0.109375
0 0.490625 0.6640625 0.0578125 0.0984375
0 0.44609375 0.6421875 0.05 0.0984375
0 0.409375 0.63046875 0.0671875 0.10625
0 0.36640625 0.6125 0.065625 0.10625
0 0.33046875 0.6078125 0.0625 0.109375
0 0.2921875 0.5859375 0.065625 0.1015625
0 0.25859375 0.57578125 0.0578125 0.0984375
0 0.21796875 0.5578125 0.0625 0.10625
0 0.1859375 0.5375 0.0625 0.1015625
0 0.1453125 0.525 0.0578125 0.0953125
0 0.115625 0.51015625 0.0609375 0.0921875
0 0.08515625 0.4984375 0.0625 0.0828125
0 0.06015625 0.48671875 0.046875 0.0890625
0 0.025 0.4796875 0.05 0.0953125
0 0.9875 0.75859375 0.021875 0.103125
0 0.9484375 0.74375 0.0578125 0.1015625
0 0.896875 0.7265625 0.0546875 0.10625
0 0.85390625 0.715625 0.05 0.109375
0 0.81328125 0.7 0.05625 0.0921875
0 0.7703125 0.6703125 0.0578125 0.109375
0 0.72578125 0.65703125 0.0546875 0.10625
0 0.6828125 0.6421875 0.0578125 0.1015625
0 0.6375 0.63359375 0.0546875 0.1015625
0 0.59453125 0.61796875 0.0546875 0.1015625
0 0.55703125 0.59453125 0.0515625 0.0984375
0 0.521875 0.58125 0.0515625 0.0984375
0 0.48125 0.56953125 0.05625 0.1015625
0 0.440625 0.5546875 0.05 0.0921875
0 0.39921875 0.5359375 0.04375 0.0890625
0 0.365625 0.51875 0.046875 0.1015625
0 0.33125 0.50703125 0.0546875 0.09375
0 0.3015625 0.4953125 0.0515625 0.0890625
1 0.2609375 0.48828125 0.05 0.0921875
0 0.22578125 0.465625 0.05 0.0828125
0 0.19453125 0.45859375 0.0484375 0.0890625
0 0.159375 0.45 0.0609375 0.1015625
0 0.134375 0.42890625 0.05 0.0890625
0 0.10625 0.41875 0.05 0.0921875
0 0.0765625 0.40390625 0.05625 0.09375
0 0.034375 0.40078125 0.05625 0.0890625
1 0.021875 0.3734375 0.04375 0.078125
0 0.971875 0.60234375 0.0546875 0.0890625
0 0.92890625 0.571875 0.0546875 0.0890625
0 0.88671875 0.56640625 0.0546875 0.0921875
0 0.84296875 0.553125 0.05 0.0828125
0 0.8046875 0.5359375 0.05 0.075
0 0.7671875 0.5265625 0.04375 0.0890625
0 0.72265625 0.50625 0.05625 0.0796875
0 0.69140625 0.49296875 0.0578125 0.0828125
0 0.65078125 0.478125 0.0484375 0.0890625
0 0.60625 0.465625 0.0515625 0.0828125
0 0.57734375 0.45 0.0546875 0.0859375
1 0.5421875 0.4453125 0.0546875 0.0796875
0 0.50703125 0.43203125 0.046875 0.0828125
0 0.46640625 0.4203125 0.0625 0.0796875
0 0.4359375 0.40234375 0.046875 0.0796875
0 0.3984375 0.39921875 0.0546875 0.0828125
0 0.36875 0.3875 0.046875 0.0828125
0 0.33515625 0.37109375 0.0515625 0.071875
0 0.30546875 0.3609375 0.0546875 0.075
0 0.26875 0.34921875 0.0546875 0.0796875
0 0.2375 0.340625 0.046875 0.075
0 0.2078125 0.32890625 0.05 0.075
0 0.18125 0.32109375 0.0484375 0.0828125
0 0.15078125 0.3078125 0.0484375 0.0703125
0 0.1171875 0.29453125 0.0578125 0.0703125
0 0.0921875 0.2859375 0.0625 0.0703125
0 0.065625 0.2734375 0.046875 0.071875
0 0.03828125 0.2671875 0.05625 0.065625
0 0.01484375 0.24765625 0.0296875 0.0703125
0 0.97734375 0.51484375 0.0421875 0.09375
0 0.93671875 0.4984375 0.0484375 0.0828125
0 0.89453125 0.48671875 0.05 0.0828125
0 0.8546875 0.478125 0.0484375 0.0890625
0 0.81640625 0.4625 0.0515625 0.0828125
0 0.78515625 0.446875 0.0546875 0.0796875
1 0.746875 0.43671875 0.05 0.078125
0 0.70234375 0.42421875 0.04375 0.0828125
0 0.6703125 0.40703125 0.0421875 0.065625
0 0.63046875 0.39375 0.0484375 0.0796875
0 0.60078125 0.38203125 0.05 0.078125
0 0.56484375 0.37421875 0.0421875 0.075
0 0.53359375 0.3640625 0.0515625 0.0828125
0 0.4953125 0.35234375 0.046875 0.0796875
0 0.459375 0.3421875 0.04375 0.075
0 0.42890625 0.32890625 0.04375 0.06875
0 0.396875 0.321875 0.0390625 0.075
0 0.3640625 0.3109375 0.04375 0.06875
0 0.33515625 0.3 0.0390625 0.0625
0 0.303125 0.29140625 0.0390625 0.0625
0 0.27421875 0.2796875 0.04375 0.06875
0 0.24453125 0.2703125 0.046875 0.05625
0 0.2078125 0.26484375 0.0484375 0.059375
0 0.1875 0.253125 0.04375 0.05625
0 0.1609375 0.2453125 0.04375 0.0546875
0 0.134375 0.23671875 0.0484375 0.0546875
0 0.1078125 0.2265625 0.0421875 0.05625
0 0.0796875 0.21875 0.05 0.0546875
0 0.0515625 0.2125 0.05 0.059375
0 0.025 0.1921875 0.05 0.0546875
0 0.95078125 0.3921875 0.0515625 0.065625
0 0.91796875 0.37265625 0.0515625 0.06875
0 0.884375 0.365625 0.04375 0.065625
0 0.84921875 0.3546875 0.0484375 0.06875
0 0.8140625 0.340625 0.05 0.06875
0 0.78046875 0.33125 0.046875 0.075
0 0.75078125 0.321875 0.0390625 0.06875
0 0.715625 0.31171875 0.046875 0.075
0 0.67578125 0.3046875 0.0421875 0.0828125
0 0.6421875 0.29609375 0.04375 0.06875
0 0.6078125 0.2828125 0.0390625 0.078125
0 0.5765625 0.2703125 0.040625 0.065625
0 0.5421875 0.26484375 0.0390625 0.078125
0 0.51640625 0.26015625 0.0390625 0.075
0 0.4796875 0.24296875 0.04375 0.075
0 0.45 0.2296875 0.0421875 0.075
0 0.415625 0.21875 0.0421875 0.0796875
0 0.39140625 0.2171875 0.0390625 0.0796875
0 0.3609375 0.20546875 0.0390625 0.065625
0 0.33125 0.2 0.0390625 0.05625
0 0.30390625 0.18828125 0.046875 0.0625
0 0.2796875 0.17890625 0.0390625 0.0625
0 0.25078125 0.17265625 0.04375 0.065625
0 0.22265625 0.1671875 0.04375 0.06875
0 0.2015625 0.159375 0.040625 0.075
0 0.17109375 0.146875 0.040625 0.071875
0 0.14375 0.1375 0.0453125 0.059375
0 0.12109375 0.1375 0.040625 0.071875
0 0.09375 0.13046875 0.040625 0.0625
0 0.07109375 0.12109375 0.0390625 0.05625
0 0.04921875 0.11640625 0.04375 0.065625
0 0.0203125 0.1125 0.040625 0.0625
0 0.7515625 0.9515625 0.05625 0.0921875
0 0.79296875 0.2828125 0.04375 0.046875
0 0.75859375 0.26875 0.0390625 0.0625
0 0.7 0.2515625 0.04375 0.059375
0 0.66484375 0.24375 0.034375 0.05625
0 0.63046875 0.23125 0.05 0.0625
0 0.6 0.215625 0.04375 0.059375
0 0.56875 0.20859375 0.0390625 0.065625
0 0.53984375 0.2 0.03125 0.05625
0 0.50859375 0.19375 0.0359375 0.05625
0 0.48046875 0.17890625 0.0390625 0.0625
0 0.4484375 0.17265625 0.04375 0.0515625
0 0.421875 0.1640625 0.0390625 0.0484375
0 0.3890625 0.15546875 0.040625 0.05625
1 0.36171875 0.15234375 0.046875 0.0484375
0 0.33515625 0.14375 0.046875 0.05625
0 0.30625 0.1375 0.0421875 0.0484375
0 0.28203125 0.12890625 0.04375 0.0625
0 0.25859375 0.11953125 0.0421875 0.053125
0 0.23671875 0.1109375 0.040625 0.05625
0 0.209375 0.103125 0.034375 0.0484375
0 0.18359375 0.09453125 0.034375 0.0453125
0 0.1578125 0.0875 0.0359375 0.0421875
0 0.13359375 0.07890625 0.0359375 0.0515625
0 0.1046875 0.0734375 0.04375 0.046875
0 0.0828125 0.06796875 0.046875 0.0515625
0 0.06171875 0.06328125 0.0390625 0.0453125
0 0.03984375 0.0609375 0.05 0.0484375
0 0.015625 0.0515625 0.03125 0.046875
0 0.903125 0.23515625 0.04375 0.05625
0 0.93125 0.25625 0.0390625 0.0625
0 0.9625 0.275 0.034375 0.075
0 0.9890625 0.29765625 0.0171875 0.075
0 0.890625 0.2015625 0.0546875 0.0546875
0 0.93125 0.178125 0.04375 0.05625
0 0.9515625 0.12890625 0.05 0.0390625
0 0.83046875 0.1640625 0.0359375 0.0484375
0 0.80078125 0.146875 0.0421875 0.0515625
0 0.58125 0.13203125 0.04375 0.059375
0 0.5515625 0.12109375 0.0390625 0.05625
0 0.52578125 0.115625 0.040625 0.05625
0 0.496875 0.1046875 0.0421875 0.05625
0 0.46953125 0.10078125 0.0359375 0.05625
0 0.440625 0.09453125 0.03125 0.059375
0 0.4109375 0.0875 0.0359375 0.05625
0 0.3859375 0.0734375 0.046875 0.05625
0 0.3609375 0.06796875 0.04375 0.0625
1 0.3421875 0.06328125 0.0390625 0.05625
0 0.3109375 0.059375 0.0390625 0.06875
0 0.2875 0.0484375 0.034375 0.065625
0 0.2640625 0.04765625 0.0390625 0.06875
0 0.2359375 0.03984375 0.0421875 0.05625
0 0.21796875 0.03984375 0.04375 0.0546875
0 0.19375 0.03125 0.0484375 0.0484375
0 0.16875 0.01953125 0.05 0.0390625
0 0.14140625 0.02109375 0.034375 0.0421875
0 0.77421875 0.134375 0.03125 0.05625
0 0.63359375 0.12265625 0.0546875 0.0328125
0 0.62578125 0.1578125 0.059375 0.0484375
0 0.84921875 0.12578125 0.0390625 0.053125
0 0.82890625 0.1078125 0.040625 0.05625
0 0.80859375 0.09921875 0.040625 0.0484375
1 0.775 0.0859375 0.046875 0.0453125
0 0.74765625 0.07578125 0.0328125 0.0484375
1 0.72265625 0.06328125 0.0390625 0.0515625
0 0.74765625 0.11640625 0.0359375 0.0515625
0 0.7203125 0.103125 0.034375 0.0390625
0 0.696875 0.09296875 0.0390625 0.0390625
0 0.6734375 0.084375 0.0328125 0.0453125
0 0.65078125 0.07109375 0.03125 0.0453125
0 0.703125 0.05 0.0359375 0.0453125
0 0.6859375 0.03828125 0.0328125 0.046875
0 0.659375 0.0265625 0.0359375 0.0390625
1 0.63203125 0.0546875 0.034375 0.0421875
0 0.609375 0.04765625 0.0390625 0.046875
0 0.58515625 0.0359375 0.0390625 0.0484375
0 0.559375 0.028125 0.0359375 0.0515625
0 0.96171875 0.0921875 0.0484375 0.0328125
0 0.925 0.0859375 0.040625 0.0390625
0 0.90234375 0.071875 0.040625 0.0390625
0 0.88125 0.05625 0.0390625 0.05625
0 0.8546875 0.04609375 0.040625 0.0546875
1 0.82109375 0.03828125 0.03125 0.0515625
0 0.8 0.01953125 0.040625 0.0390625
0 0.43828125 0.028125 0.0359375 0.0421875
0 0.40703125 0.02109375 0.0390625 0.0421875
1 0.37421875 0.01484375 0.0265625 0.0296875