0 0.10546875 0.8328125 0.140625 0.1484375
0 0.03203125 0.80625 0.0640625 0.1625
0 0.21875 0.84140625 0.1390625 0.1375
0 0.334375 0.8515625 0.1234375 0.1234375
0 0.44453125 0.8515625 0.1078125 0.125
0 0.55625 0.85625 0.128125 0.140625
0 0.66953125 0.8578125 0.125 0.1484375
0 0.77265625 0.85703125 0.140625 0.1453125
0 0.875 0.86640625 0.1484375 0.15625
0 0.49921875 0.69375 0.103125 0.0859375
0 0.559375 0.6703125 0.103125 0.0859375
0 0.6171875 0.659375 0.109375 0.0953125
0 0.65390625 0.6453125 0.10625 0.084375
0 0.696875 0.63046875 0.084375 0.0734375
0 0.93515625 0.62421875 0.06875 0.06875
0 0.8828125 0.59921875 0.0703125 0.084375
0 0.8234375 0.58671875 0.06875 0.06875
0 0.77421875 0.56875 0.0703125 0.0640625
0 0.728125 0.55703125 0.06875 0.065625
0 0.68984375 0.54453125 0.0671875 0.0578125
0 0.6421875 0.53203125 0.06875 0.05625
0 0.59921875 0.52421875 0.0734375 0.0484375
0 0.271875 0.67890625 0.1125 0.08125
0 0.34921875 0.64609375 0.115625 0.08125
0 0.40390625 0.63359375 0.0984375 0.0859375
0 0.44453125 0.62265625 0.0890625 0.059375
0 0.4734375 0.59375 0.103125 0.046875
0 0.5265625 0.58828125 0.1234375 0.053125
0 0.57109375 0.575 0.0875 0.05
0 0.0515625 0.584375 0.0859375 0.090625
0 0.1140625 0.571875 0.1015625 0.084375
0 0.17109375 0.56171875 0.0921875 0.08125
0 0.221875 0.54296875 0.084375 0.071875
0 0.2765625 0.55078125 0.08125 0.06875
0 0.32578125 0.540625 0.0828125 0.065625
0 0.36875 0.5328125 0.0765625 0.05625
0 0.41484375 0.534375 0.0734375 0.0515625
0 0.44609375 0.52421875 0.0765625 0.05625
0 0.47734375 0.51796875 0.075 0.0578125