0 0.34140625 0.940625 0.2203125 0.0640625
0 0.365625 0.88125 0.234375 0.0390625
1 0.3796875 0.8359375 0.2234375 0.034375
1 0.4109375 0.8015625 0.2203125 0.0453125
0 0.409375 0.753125 0.2171875 0.0390625
1 0.42890625 0.71796875 0.2109375 0.0546875
0 0.446875 0.67890625 0.1765625 0.0390625
1 0.45625 0.6421875 0.1734375 0.0390625
0 0.4796875 0.609375 0.1921875 0.040625
0 0.484375 0.575 0.2 0.0359375
0 0.5 0.5390625 0.2078125 0.0328125
0 0.4984375 0.509375 0.19375 0.028125
0 0.52890625 0.4796875 0.1671875 0.028125
0 0.53046875 0.45390625 0.1765625 0.0234375
0 0.5421875 0.425 0.171875 0.03125
1 0.54609375 0.40234375 0.1671875 0.021875
0 0.57109375 0.3796875 0.1484375 0.0359375