0 0.22109375 0.709375 0.128125 0.35625
0 0.23125 0.2984375 0.1296875 0.375
0 0.478125 0.31171875 0.1328125 0.3578125
0 0.603125 0.30625 0.1296875 0.3515625
0 0.85 0.3140625 0.134375 0.346875
0 0.9578125 0.30078125 0.084375 0.3328125
0 0.59296875 0.71328125 0.1296875 0.35625
0 0.72109375 0.7125 0.1265625 0.34375
0 0.84609375 0.715625 0.134375 0.35625
0 0.95078125 0.7171875 0.096875 0.3484375
1 0.35078125 0.715625 0.125 0.3578125
1 0.47265625 0.71328125 0.1234375 0.3640625
1 0.353125 0.30078125 0.1265625 0.36875
1 0.7234375 0.31328125 0.1203125 0.3515625