1 0.034375 0.746875 0.0625 0.128125
0 0.05078125 0.9515625 0.0890625 0.096875
0 0.15859375 0.93828125 0.0984375 0.1234375
0 0.27265625 0.92734375 0.1078125 0.1453125
0 0.37734375 0.92109375 0.1046875 0.1578125
0 0.48125 0.91171875 0.090625 0.1765625
0 0.5765625 0.8984375 0.0875 0.15
0 0.67421875 0.86953125 0.1046875 0.1609375
0 0.7671875 0.85 0.1 0.1953125
0 0.859375 0.81796875 0.09375 0.18125
0 0.95 0.78203125 0.1 0.1765625
0 0.103125 0.7265625 0.103125 0.13125
0 0.2125 0.70703125 0.103125 0.134375
0 0.290625 0.69453125 0.1203125 0.14375
0 0.384375 0.68515625 0.1140625 0.146875
0 0.47421875 0.6578125 0.0984375 0.15625
0 0.55703125 0.6578125 0.0984375 0.1234375
0 0.6390625 0.6359375 0.0984375 0.128125
0 0.71953125 0.628125 0.1140625 0.15
0 0.80234375 0.62265625 0.1046875 0.1203125
1 0.8890625 0.6078125 0.1015625 0.10625
0 0.9515625 0.59296875 0.096875 0.1140625
0 0.96796875 0.49375 0.0640625 0.10625
1 0.9015625 0.51171875 0.08125 0.1125
0 0.81875 0.50859375 0.1046875 0.103125
0 0.7640625 0.50546875 0.090625 0.103125
0 0.67109375 0.5109375 0.103125 0.096875
0 0.59140625 0.515625 0.0953125 0.10625
1 0.5140625 0.53046875 0.084375 0.096875
0 0.43359375 0.5515625 0.09375 0.103125
0 0.35234375 0.56015625 0.09375 0.103125
0 0.271875 0.5796875 0.0953125 0.1
0 0.17890625 0.5828125 0.0984375 0.10625
0 0.08203125 0.61953125 0.1015625 0.1
0 0.02109375 0.628125 0.0390625 0.11875
0 0.0484375 0.45703125 0.0859375 0.1125
0 0.12578125 0.45234375 0.084375 0.109375
0 0.209375 0.446875 0.0890625 0.1125
0 0.28984375 0.42109375 0.075 0.103125
0 0.36953125 0.4125 0.08125 0.096875
0 0.44296875 0.4046875 0.08125 0.0921875
1 0.5078125 0.40859375 0.071875 0.0921875
0 0.57890625 0.3890625 0.0859375 0.096875
1 0.63984375 0.39453125 0.08125 0.0921875
0 0.7078125 0.3796875 0.0953125 0.0859375
0 0.77734375 0.36875 0.0859375 0.1
0 0.846875 0.3640625 0.090625 0.1125
0 0.92109375 0.3578125 0.0984375 0.1109375
0 0.9734375 0.353125 0.05 0.096875
0 0.02734375 0.378125 0.0546875 0.096875
0 0.10390625 0.3703125 0.0796875 0.0859375
0 0.184375 0.36171875 0.0796875 0.0859375
0 0.27421875 0.35234375 0.0859375 0.096875
0 0.34921875 0.34375 0.0765625 0.0828125
0 0.42265625 0.3328125 0.059375 0.0859375
0 0.48125 0.32578125 0.071875 0.0921875
0 0.5375 0.325 0.0671875 0.0859375
0 0.60703125 0.31796875 0.0671875 0.096875
0 0.6625 0.3078125 0.06875 0.0796875
0 0.72734375 0.30859375 0.0671875 0.0828125
0 0.79609375 0.2921875 0.0671875 0.06875
0 0.8546875 0.2828125 0.0640625 0.0828125
0 0.915625 0.2734375 0.0671875 0.0796875
0 0.975 0.26328125 0.04375 0.08125
0 0.03125 0.271875 0.0625 0.0625
0 0.0953125 0.265625 0.0671875 0.0796875
0 0.16953125 0.2625 0.078125 0.0765625
0 0.23203125 0.25 0.0765625 0.06875
0 0.29375 0.2453125 0.0734375 0.0859375
1 0.3515625 0.24921875 0.0671875 0.0828125
0 0.41328125 0.2453125 0.0546875 0.0859375
0 0.46875 0.2375 0.0671875 0.0921875
0 0.52890625 0.22421875 0.0546875 0.0765625
0 0.590625 0.2203125 0.06875 0.0765625
0 0.6546875 0.2171875 0.0671875 0.0859375
0 0.7125 0.2125 0.0703125 0.0859375
0 0.77109375 0.20859375 0.0640625 0.0828125
0 0.821875 0.19609375 0.0609375 0.0796875
0 0.884375 0.1859375 0.0640625 0.0859375
0 0.93828125 0.18515625 0.06875 0.096875
0 0.98125 0.17578125 0.028125 0.0875
0 0.01796875 0.1390625 0.0359375 0.075
0 0.0296875 0.215625 0.059375 0.065625
0 0.08984375 0.203125 0.0703125 0.0625
0 0.15625 0.20390625 0.0703125 0.0625
1 0.22109375 0.1953125 0.0609375 0.0625
0 0.28203125 0.18984375 0.05 0.0546875
0 0.334375 0.1921875 0.059375 0.065625
0 0.39609375 0.1875 0.0546875 0.0765625
0 0.44296875 0.1765625 0.0546875 0.071875
0 0.4984375 0.17265625 0.0609375 0.065625
0 0.55234375 0.16484375 0.0609375 0.065625
0 0.61328125 0.1546875 0.0671875 0.06875
0 0.6765625 0.15390625 0.0609375 0.065625
0 0.77890625 0.1421875 0.05 0.071875
0 0.83203125 0.121875 0.0640625 0.065625
0 0.8921875 0.125 0.05 0.059375
0 0.93984375 0.12421875 0.0640625 0.071875
0 0.97890625 0.109375 0.0296875 0.0609375
0 0.06640625 0.13359375 0.059375 0.0828125
0 0.1203125 0.13359375 0.046875 0.0640625
0 0.17421875 0.134375 0.0546875 0.0796875
0 0.2359375 0.13203125 0.0640625 0.065625
0 0.27890625 0.1296875 0.0546875 0.071875
0 0.33203125 0.121875 0.0546875 0.06875
0 0.38125 0.12109375 0.0546875 0.0765625
0 0.428125 0.11328125 0.0546875 0.0765625
0 0.478125 0.1046875 0.0578125 0.0765625
0 0.52890625 0.10546875 0.0546875 0.0765625
0 0.5828125 0.0984375 0.05 0.065625
0 0.63671875 0.09453125 0.0546875 0.0765625
0 0.68984375 0.1 0.05 0.0625
0 0.7328125 0.0796875 0.0578125 0.06875
0 0.79453125 0.0625 0.0578125 0.059375
1 0.725 0.14296875 0.0671875 0.0625
0 0.84140625 0.06640625 0.0671875 0.059375
0 0.8890625 0.065625 0.05 0.0625
0 0.9484375 0.05625 0.0578125 0.065625
0 0.98046875 0.04765625 0.025 0.0609375