0 0.73984375 0.83671875 0.3921875 0.315625
1 0.54296875 0.8015625 0.303125 0.290625
1 0.4671875 0.72421875 0.2515625 0.209375
0 0.4078125 0.6375 0.275 0.20625
1 0.30390625 0.609375 0.175 0.1546875
0 0.2828125 0.54453125 0.2125 0.159375
0 0.19609375 0.5109375 0.178125 0.14375
0 0.15234375 0.49375 0.1578125 0.1421875
0 0.1109375 0.4890625 0.140625 0.121875
0 0.07578125 0.475 0.1125 0.103125
0 0.89375 0.44296875 0.1734375 0.1953125
0 0.7875 0.4234375 0.159375 0.19375
0 0.70546875 0.4 0.128125 0.1671875
0 0.6375 0.384375 0.13125 0.1421875
0 0.5609375 0.38203125 0.1078125 0.1390625
0 0.5109375 0.37109375 0.1046875 0.128125
0 0.453125 0.36171875 0.115625 0.1265625
0 0.4109375 0.3609375 0.071875 0.1125
0 0.328125 0.3578125 0.103125 0.0921875
0 0.27578125 0.346875 0.0671875 0.0734375
1 0.24140625 0.34765625 0.0765625 0.08125
0 0.04375 0.434375 0.0875 0.11875
0 0.95625 0.4625 0.0875 0.215625