0 0.06171875 0.9515625 0.1234375 0.09375
0 0.10625 0.9078125 0.15625 0.121875
1 0.1359375 0.85859375 0.1640625 0.1203125
0 0.16328125 0.803125 0.153125 0.1015625
0 0.21015625 0.759375 0.153125 0.11875
1 0.2484375 0.71484375 0.146875 0.1203125
0 0.2796875 0.671875 0.165625 0.103125
1 0.30546875 0.6296875 0.1484375 0.090625
0 0.3328125 0.584375 0.1421875 0.09375
0 0.38203125 0.53203125 0.11875 0.0953125
0 0.2875 0.96015625 0.171875 0.071875
0 0.3296875 0.89921875 0.178125 0.109375
0 0.36796875 0.834375 0.1703125 0.09375
0 0.396875 0.803125 0.15 0.1109375
0 0.4109375 0.7578125 0.1390625 0.0875
0 0.44375 0.70546875 0.1578125 0.1015625
0 0.4703125 0.6625 0.1609375 0.1140625
1 0.49296875 0.6296875 0.1640625 0.0953125
0 0.52734375 0.575 0.146875 0.1140625
0 0.7875 0.96171875 0.18125 0.0734375
0 0.8078125 0.91484375 0.1796875 0.0953125
0 0.825 0.86484375 0.1578125 0.09375
1 0.8484375 0.81796875 0.15625 0.0953125
0 0.865625 0.76796875 0.159375 0.0859375
0 0.88359375 0.7234375 0.178125 0.0890625
1 0.89921875 0.68046875 0.1703125 0.0859375
0 0.05703125 0.45390625 0.1140625 0.0953125
0 0.0328125 0.50703125 0.065625 0.0828125
0 0.1734375 0.29609375 0.1296875 0.0859375
1 0.04453125 0.265625 0.0890625 0.071875
0 0.48359375 0.37890625 0.1390625 0.090625
0 0.66484375 0.371875 0.1125 0.078125
0 0.640625 0.40234375 0.125 0.09375
1 0.67890625 0.34140625 0.1375 0.0953125
0 0.7078125 0.30390625 0.109375 0.090625
0 0.7125 0.271875 0.1328125 0.0890625
0 0.7328125 0.2453125 0.1296875 0.0859375
0 0.75625 0.21953125 0.1328125 0.078125
0 0.7703125 0.19375 0.125 0.0875
0 0.7828125 0.1640625 0.1296875 0.0734375
0 0.80390625 0.140625 0.121875 0.0734375
1 0.8109375 0.12578125 0.1328125 0.0625
1 0.8234375 0.10078125 0.1296875 0.0625
1 0.50234375 0.3328125 0.15 0.0859375
1 0.525 0.29609375 0.15625 0.0859375
0 0.5484375 0.27109375 0.1375 0.078125
1 0.56328125 0.2453125 0.1375 0.065625
1 0.58671875 0.2234375 0.1296875 0.0625
1 0.60703125 0.1984375 0.1296875 0.071875
1 0.6265625 0.171875 0.140625 0.0640625
1 0.63828125 0.14765625 0.1375 0.0640625
1 0.6578125 0.12109375 0.1390625 0.0625
1 0.68046875 0.10078125 0.1328125 0.0703125
0 0.196875 0.24375 0.1234375 0.090625
0 0.22109375 0.21484375 0.1328125 0.053125
0 0.05625 0.21484375 0.10625 0.0796875
1 0.0734375 0.1984375 0.109375 0.0796875
1 0.1109375 0.17421875 0.1328125 0.071875
1 0.146875 0.15078125 0.1265625 0.0703125
1 0.16875 0.1265625 0.1140625 0.0703125
1 0.19609375 0.10703125 0.1078125 0.0703125
1 0.26640625 0.2109375 0.125 0.0546875
1 0.2859375 0.18671875 0.1484375 0.0390625
1 0.2875 0.16328125 0.1296875 0.040625
1 0.3109375 0.13046875 0.1234375 0.0328125
0 0.3484375 0.09765625 0.1296875 0.065625
1 0.36875 0.0734375 0.1484375 0.065625
0 0.9546875 0.471875 0.0875 0.0546875
0 0.9578125 0.43125 0.0828125 0.0640625