0 0.8203125 0.3859375 0.1546875 0.078125
0 0.83125 0.4828125 0.1546875 0.084375
1 0.84296875 0.5671875 0.15 0.078125
0 0.85078125 0.66015625 0.146875 0.0875
1 0.86953125 0.7640625 0.146875 0.0875
1 0.88046875 0.87109375 0.1625 0.096875
1 0.8921875 0.96328125 0.1640625 0.0734375
0 0.46171875 0.9328125 0.184375 0.096875
1 0.4625 0.8234375 0.18125 0.090625
0 0.46953125 0.7203125 0.1671875 0.090625
0 0.09609375 0.40859375 0.140625 0.1421875
0 0.165625 0.3484375 0.11875 0.128125
0 0.20703125 0.27890625 0.1109375 0.125
1 0.259375 0.240625 0.0984375 0.1109375
0 0.3171875 0.2 0.1015625 0.128125
0 0.3625 0.14296875 0.1140625 0.121875
1 0.421875 0.09375 0.090625 0.1078125
0 0.475 0.0484375 0.128125 0.096875
0 0.51953125 0.03046875 0.1171875 0.0609375