0 0.16875 0.6390625 0.14375 0.3953125
0 0.2 0.240625 0.1671875 0.3703125
1 0.33359375 0.25390625 0.1484375 0.30625
1 0.30859375 0.67734375 0.1515625 0.365625
1 0.43671875 0.690625 0.1515625 0.3546875
0 0.46640625 0.26875 0.15625 0.3375
0 0.6109375 0.31328125 0.15 0.365625
0 0.56875 0.6984375 0.1171875 0.38125
0 0.7 0.71640625 0.1359375 0.359375
0 0.834375 0.7375 0.15625 0.3515625
0 0.953125 0.753125 0.090625 0.359375
1 0.728125 0.3203125 0.159375 0.3453125
0 0.865625 0.32734375 0.159375 0.34375
0 0.9578125 0.3484375 0.0796875 0.3578125