0 0.73359375 0.4046875 0.109375 0.071875
0 0.85703125 0.56328125 0.1265625 0.0703125
1 0.7359375 0.4890625 0.11875 0.071875
1 0.7359375 0.56875 0.11875 0.075
1 0.853125 0.64609375 0.11875 0.0796875
1 0.85234375 0.7296875 0.1265625 0.0859375
1 0.853125 0.809375 0.134375 0.0796875
0 0.73359375 0.65 0.11875 0.0796875
0 0.728125 0.7328125 0.11875 0.0921875
0 0.72734375 0.8140625 0.11875 0.075
1 0.72578125 0.8921875 0.125 0.075
1 0.72734375 0.96796875 0.13125 0.059375
0 0.853125 0.8921875 0.1296875 0.0796875
0 0.85625 0.965625 0.128125 0.065625
0 0.4390625 0.9 0.125 0.08125
0 0.3171875 0.97265625 0.121875 0.0515625
0 0.44140625 0.97265625 0.121875 0.046875
1 0.31328125 0.89765625 0.125 0.0671875
1 0.44453125 0.8171875 0.125 0.08125
1 0.3203125 0.809375 0.1140625 0.075
0 0.44921875 0.7265625 0.1234375 0.0703125
0 0.321875 0.72578125 0.11875 0.071875
1 0.3234375 0.6421875 0.1234375 0.0671875
0 0.3265625 0.47734375 0.1296875 0.0828125
0 0.33125 0.565625 0.13125 0.0703125
1 0.44921875 0.64609375 0.1234375 0.0796875
1 0.44921875 0.56328125 0.1265625 0.075
1 0.4515625 0.4828125 0.128125 0.0765625
1 0.3296875 0.4046875 0.125 0.071875
1 0.3375 0.321875 0.1171875 0.075
1 0.4578125 0.32578125 0.11875 0.071875
0 0.45625 0.4046875 0.1265625 0.071875
1 0.459375 0.24140625 0.11875 0.065625
0 0.33984375 0.24375 0.1140625 0.0703125
0 0.46484375 0.1625 0.1140625 0.0703125
0 0.34375 0.1609375 0.121875 0.0671875
0 0.46796875 0.08671875 0.121875 0.0765625
0 0.3421875 0.0859375 0.11875 0.065625
0 0.46875 0.02265625 0.128125 0.0453125
0 0.3421875 0.02421875 0.121875 0.0484375
0 0.06875 0.025 0.11875 0.05
1 0.0703125 0.08046875 0.1140625 0.0640625
0 0.065625 0.16015625 0.1296875 0.0828125
0 0.0578125 0.40546875 0.115625 0.0640625
0 0.05703125 0.48359375 0.1140625 0.0828125
0 0.05625 0.5703125 0.1125 0.084375
1 0.05390625 0.65546875 0.1078125 0.0859375
0 0.053125 0.7359375 0.10625 0.0765625
0 0.053125 0.8203125 0.10625 0.0796875
0 0.04921875 0.89765625 0.0984375 0.071875
0 0.05 0.97265625 0.1 0.0515625